1000
4
8 42 49 69 72 99 113 137 187
3 22 76 161
7
8 15 77 78 85 110 145 148 155
3 100 147 187
5
7 29 33 140 162 165 174 194
3 8 70 171
9
8 60 83 88 92 110 148 156 193
3 12 165 169
9
6 26 55 63 73 123 136
3 17 19 22
7
8 23 59 98 103 128 138 149 182
3 61 183 198
6
8 0 10 23 33 64 75 110 141
3 36 79 172
6
7 4 8 20 22 103 178 188
3 72 122 163
6
8 3 41 78 79 91 106 110 192
3 146 152 157
1
8 10 18 22 79 87 96 98 154
3 21 169 176
6
8 9 41 83 85 111 126 140 146
3 47 95 149
3
8 27 51 60 83 96 143 145 192
3 40 67 109
5
7 16 27 58 83 102 112 187
3 25 104 177
7
8 1 6 14 60 64 107 130 137
3 17 91 97
9
8 14 16 26 30 40 112 114 140
3 17 127 163
6
8 0 51 59 85 113 149 180 192
3 45 95 167
8
8 16 57 99 115 126 174 185 196
3 74 108 161
5
8 29 33 83 99 114 115 151 164
3 25 80 189
3
8 22 49 88 91 103 117 190 197
3 12 63 108
10
8 7 10 102 112 133 142 157 162
3 47 86 184
5
8 30 49 60 114 117 130 142 154
3 4 169 171
9
8 29 49 75 125 131 137 162 188
3 7 28 39
10
8 59 85 92 123 138 149 155 178
3 82 119 130
7
7 9 12 40 41 83 90 93
3 22 66 149
9
8 2 58 66 77 86 92 96 193
3 19 153 198
5
8 3 13 64 93 107 141 142 196
3 66 170 184
8
8 16 26 58 98 107 112 154 178
3 2 97 183
10
8 15 62 83 89 117 123 137 154
3 57 116 163
1
8 6 10 43 92 115 117 124 140
3 50 65 72
9
7 10 77 102 148 149 156 182
3 5 161 179
3
8 22 33 66 88 105 127 128 145
3 81 157 194
2
8 0 1 26 53 117 121 155 194
3 20 105 197
9
7 1 26 75 113 133 134 155
3 119 120 127
10
7 58 69 76 79 184 192 193
3 32 57 153
4
8 24 47 54 78 103 105 124 148
3 45 95 170
9
8 41 43 49 50 59 107 130 141
3 18 46 89
8
8 10 41 49 54 87 110 137 154
3 9 174 194
4
7 3 10 110 111 151 157 162
3 125 129 180
5
7 3 4 26 115 155 182 199
3 104 108 144
5
8 29 69 88 102 115 156 178 192
3 73 99 104
5
8 52 77 103 105 137 159 192 193
3 17 65 70
3
8 6 14 41 53 126 146 187 196
2 147 176
2
8 26 69 112 130 141 151 167 173
3 105 171 177
4
8 22 43 49 75 102 127 156 197
3 72 81 161
7
8 10 27 53 59 76 83 105 193
3 74 129 175
5
8 33 50 93 98 117 157 174 187
3 78 171 195
3
8 1 63 72 112 114 128 135 140
3 68 79 94
7
8 29 48 49 55 111 112 133 185
3 52 148 171
7
8 49 69 85 107 137 164 167 179
3 87 138 181
3
8 5 13 26 43 64 128 194 196
3 8 24 199
3
7 49 66 121 125 127 140 197
3 16 167 175
10
7 15 22 55 91 126 133 156
3 30 61 139
4
8 102 107 111 114 135 174 185 187
3 89 91 120
6
7 8 41 86 91 98 125 192
3 116 129 176
3
7 113 127 143 148 150 154 159
3 135 172 186
1
8 15 49 83 87 113 117 143 188
3 56 132 166
10
8 0 27 64 85 99 122 142 198
3 103 172 176
8
8 41 49 69 111 112 117 164 194
3 38 127 166
3
6 37 75 76 86 126 184
3 72 80 186
4
7 20 31 41 85 86 192 193
3 116 173 185
1
7 24 29 58 79 126 154 155
3 28 97 120
7
8 93 98 103 148 154 190 193 197
3 40 108 129
2
7 54 79 98 115 121 171 184
3 46 56 130
7
8 2 3 54 69 93 102 103 123
3 84 139 152
9
8 78 79 83 96 148 178 188 192
3 44 61 71
10
8 12 27 30 113 121 142 155 190
3 21 61 158
1
8 5 14 33 53 57 63 157 165
3 78 156 199
3
8 29 51 69 124 127 133 171 193
3 12 168 198
1
8 7 10 30 49 55 142 196 198
3 71 129 147
10
8 3 13 16 43 93 111 114 123
3 100 129 163
9
8 37 51 75 89 92 178 182 199
3 63 165 185
1
8 12 29 43 112 126 137 162 196
3 38 156 158
5
8 6 14 40 58 85 107 123 137
3 35 51 148
6
8 0 53 110 122 130 133 141 173
3 37 109 161
1
8 4 22 29 37 41 106 160 162
3 95 166 173
6
8 3 18 37 47 52 78 113 145
3 114 146 174
1
8 14 33 60 111 113 141 142 179
3 149 181 192
4
8 22 43 52 69 103 140 156 199
3 28 135 164
5
8 20 59 62 89 110 115 121 124
2 183 187
10
8 1 6 14 50 63 111 128 179
3 82 91 144
3
8 3 27 52 55 79 121 128 178
3 165 177 195
6
8 62 96 103 112 126 150 180 197
2 9 132
3
8 14 23 59 85 110 140 162 178
3 37 66 191
6
8 29 55 115 128 130 133 178 190
3 77 94 124
10
8 1 43 48 54 85 128 162 185
3 52 84 138
8
8 27 58 106 126 162 171 180 192
3 13 135 185
4
7 88 110 124 127 137 154 184
3 32 108 167
4
8 5 10 42 48 53 64 75 130
3 35 89 188
4
8 6 60 63 64 83 122 137 167
3 71 124 176
3
8 55 58 89 103 137 143 154 182
3 67 81 163
9
6 26 33 51 86 123 190
3 177 185 198
1
8 7 23 27 42 72 98 136 196
3 81 109 177
8
8 9 13 58 90 111 141 190 194
3 56 100 158
6
8 23 77 102 105 143 160 190 199
3 39 70 72
1
8 29 59 62 75 83 115 125 160
3 7 74 116
6
7 13 53 85 107 164 173 194
3 96 160 189
8
7 3 16 55 57 111 113 118
3 44 65 166
4
6 15 18 133 150 156 159
3 65 172 175
5
8 99 107 110 121 133 134 167 187
3 127 153 195
9
8 54 69 72 117 128 135 194 198
3 67 101 153
10
8 26 40 118 123 140 151 155 196
3 37 96 197
5
8 1 5 57 58 72 102 162 187
3 35 51 106
4
8 29 49 55 83 110 157 185 190
3 21 31 77
7
8 27 51 76 93 106 127 143 162
3 1 170 173
8
8 2 24 33 37 69 127 131 159
3 13 68 108
6
8 29 50 134 140 154 165 178 187
3 62 91 192
5
7 0 1 9 50 59 146 190
2 61 81
3
8 4 18 102 106 117 121 131 148
3 13 48 161
3
8 5 27 41 48 64 128 135 174
3 150 172 180
7
8 14 48 72 83 114 121 130 198
3 84 181 186
3
8 15 26 47 91 115 127 137 145
3 16 109 120
10
7 10 20 31 93 105 121 162
2 132 152
2
8 15 87 110 126 131 140 178 188
3 9 30 72
3
8 43 49 53 99 102 140 146 187
3 82 88 127
2
8 41 51 66 91 96 117 178 182
3 132 157 158
7
8 3 58 93 102 135 140 162 179
3 47 62 191
5
8 8 54 55 93 110 138 148 199
3 28 130 187
7
8 0 10 69 102 122 136 173 190
3 21 62 188
5
8 18 41 53 85 102 143 150 190
3 17 25 189
8
8 0 9 10 30 69 133 137 164
3 101 131 171
8
6 47 69 77 178 180 193
3 97 120 170
3
8 27 42 128 136 146 154 162 185
3 84 138 153
3
8 23 41 50 85 90 130 134 154
3 109 153 199
6
8 24 89 96 105 117 126 127 155
3 30 97 189
6
8 3 69 110 117 143 155 180 193
3 46 97 164
9
8 23 26 33 54 87 121 133 145
3 132 187 195
9
8 53 60 90 113 118 121 126 146
3 11 18 158
6
8 14 30 57 85 90 130 167 187
3 38 95 96
4
8 27 33 53 58 98 115 126 178
3 65 81 160
4
8 79 91 96 112 115 117 137 150
3 7 34 46
9
7 6 29 43 47 182 188 193
3 1 71 194
9
8 49 63 98 102 110 115 151 179
3 66 144 186
3
8 0 3 18 60 83 92 131 137
3 17 19 28
9
8 55 57 93 102 111 135 154 174
3 22 77 109
5
8 26 55 111 130 164 178 185 194
3 2 28 177
5
8 3 13 14 27 57 69 126 128
3 91 106 145
10
8 10 16 99 122 126 146 187 196
3 8 22 96
4
8 18 22 27 55 59 89 126 137
3 32 100 163
7
7 2 31 60 117 131 171 193
3 28 32 167
4
7 9 26 29 42 58 135 196
3 38 125 186
7
8 9 14 26 53 72 121 136 173
3 19 22 143
1
8 18 54 96 103 133 155 162 182
3 50 70 97
2
8 10 98 112 113 114 136 137 142
3 24 31 71
1
7 33 50 102 141 165 185 198
3 84 152 169
7
8 26 54 59 60 156 160 197 199
3 17 36 57
6
8 7 10 43 57 58 73 107 122
3 81 144 183
10
8 3 30 72 93 135 141 154 174
3 74 143 195
6
8 2 6 18 49 51 85 110 137
3 64 151 195
5
8 4 49 53 62 92 105 159 182
3 57 64 81
5
8 0 22 89 137 138 150 160 192
3 35 120 169
7
8 2 47 53 78 83 93 148 154
3 90 130 158
4
8 7 14 63 117 130 140 162 173
3 31 74 189
3
7 4 54 69 83 155 160 197
3 71 146 183
7
8 0 16 23 49 85 111 140 179
3 52 77 129
8
8 15 18 31 88 91 103 106 190
3 30 90 141
10
7 1 59 75 110 118 173 185
3 105 148 159
3
8 0 7 58 93 135 164 165 178
3 44 61 145
5
8 0 1 41 72 140 141 155 198
3 19 62 193
3
8 31 60 62 87 125 128 171 192
3 107 141 167
5
8 3 6 37 60 77 138 148 150
2 42 129
4
8 60 69 133 134 155 187 190 196
3 74 100 105
2
8 4 24 41 66 77 78 83 180
3 172 189 195
4
6 6 58 124 137 188 197
2 72 170
4
8 23 30 49 102 146 155 162 198
3 68 94 150
2
6 64 128 137 146 157 174
3 66 82 172
5
8 3 59 110 111 126 128 155 194
3 24 163 195
10
8 23 27 37 128 143 150 162 180
3 107 136 167
4
8 20 49 51 58 59 69 106 115
3 44 46 80
2
8 69 93 111 112 114 135 154 185
3 19 25 144
8
8 41 49 87 89 102 105 121 154
3 135 166 176
4
8 9 48 55 114 157 178 194 198
3 78 108 195
8
8 10 27 64 102 117 130 135 154
3 32 183 195
9
8 0 52 53 55 66 103 105 154
3 7 151 170
8
8 1 16 111 123 133 157 179 196
3 19 62 166
5
7 8 54 60 91 98 128 178
3 19 56 80
10
8 3 10 18 27 89 93 113 154
3 129 179 187
6
8 12 30 55 73 85 90 141 187
3 47 77 100
5
8 20 77 86 126 131 138 180 192
3 57 108 120
5
8 66 83 89 127 143 159 160 188
3 1 146 191
2
8 20 26 51 55 59 83 105 110
3 35 40 65
1
8 26 41 54 66 160 171 180 188
3 122 146 158
10
6 5 9 41 130 142 157
3 101 108 176
10
7 5 42 93 142 165 178 190
3 51 80 189
6
8 20 52 86 106 133 150 154 190
3 39 61 179
4
7 143 149 154 155 178 184 192
3 30 45 81
8
8 60 93 124 133 138 140 155 159
3 34 74 111
6
8 50 57 63 75 90 112 117 179
3 46 168 175
5
8 2 60 62 102 110 117 126 160
3 19 158 183
6
8 22 52 53 54 76 91 137 182
3 17 40 194
4
7 3 23 59 115 117 162 164
3 8 11 65
5
8 40 53 63 85 107 112 134 178
3 45 47 199
7
8 3 54 110 122 167 174 179 198
3 38 144 161
1
8 24 69 85 137 140 155 193 197
3 11 65 170
5
8 78 102 124 125 126 127 182 199
3 21 74 139
3
8 7 12 13 59 112 122 154 157
3 76 127 170
6
8 18 33 59 85 86 105 128 143
3 73 84 151
6
8 2 10 27 66 78 88 96 117
3 13 153 167
5
8 6 13 14 43 53 72 113 121
3 46 62 89
6
8 27 50 64 72 85 114 140 151
3 35 61 106
9
8 43 64 75 110 112 128 155 185
3 28 148 193
3
8 13 40 48 50 123 135 151 178
3 35 68 91
7
8 6 62 86 93 112 140 149 155
3 32 100 108
7
8 18 20 43 69 98 102 126 171
3 7 132 177
6
7 24 47 88 102 128 160 184
3 48 50 134
9
8 41 43 51 98 102 112 113 154
3 107 122 134
10
8 8 15 117 156 160 162 182 197
3 40 42 45
8
8 63 73 110 114 117 130 165 178
3 108 109 188
4
8 83 93 112 118 128 136 155 165
3 100 145 169
10
8 4 33 53 58 89 102 137 184
3 84 107 111
7
8 26 41 99 111 122 140 155 157
3 77 95 125
10
8 10 41 69 102 124 127 133 140
3 50 81 165
10
8 23 43 87 88 89 98 149 182
3 32 196 198
4
7 6 51 55 125 140 148 197
3 16 42 198
7
8 7 10 16 54 73 165 179 185
3 15 61 125
7
8 0 16 49 75 135 162 173 187
3 80 161 195
6
8 0 2 26 29 53 79 83 91
3 72 100 107
9
8 8 58 60 77 128 140 155 178
3 21 40 194
6
8 18 52 60 86 124 128 150 162
3 44 56 144
10
8 0 20 51 69 155 171 188 190
3 1 179 198
8
8 20 43 47 52 88 131 182 188
3 13 95 107
9
8 31 53 66 78 83 96 171 180
3 146 157 170
5
8 7 10 26 112 123 135 142 164
3 56 120 183
5
8 78 123 131 150 180 184 188 199
3 64 67 108
5
7 20 41 52 87 143 184 199
3 25 134 179
5
7 30 40 49 113 117 141 146
3 37 87 176
9
8 43 59 83 85 111 133 173 198
3 109 159 184
9
8 8 47 52 53 69 103 117 123
3 80 81 189
2
7 52 66 133 137 159 160 190
3 12 95 168
8
8 26 64 69 112 133 135 162 165
3 18 56 68
9
8 12 42 49 58 59 136 146 162
3 28 38 166
5
8 41 43 58 59 125 155 159 199
3 70 116 118
1
8 58 87 103 133 154 159 182 184
3 1 81 95
9
8 0 23 122 123 134 146 151 179
3 8 160 161
7
7 10 52 54 75 87 92 199
3 56 72 196
3
7 69 112 126 151 162 179 185
3 35 82 129
5
7 58 83 85 133 151 185 187
3 37 152 168
3
6 15 58 59 66 102 138
3 157 165 185
6
8 7 16 58 121 134 142 179 196
3 139 152 195
5
8 51 54 86 92 96 140 148 192
3 34 101 153
3
8 12 14 48 90 123 146 151 178
2 36 170
8
6 26 41 59 77 83 126
3 95 151 157
9
7 42 58 63 140 151 157 187
3 67 78 124
3
8 8 10 55 69 79 92 128 190
3 5 38 163
5
8 0 13 16 53 59 110 157 190
3 21 52 183
10
8 0 59 79 102 124 131 150 192
3 64 111 144
4
8 13 29 53 73 90 110 133 140
3 31 149 191
10
8 5 48 55 57 110 115 154 185
3 17 66 153
9
8 2 8 22 58 85 126 131 190
3 57 90 165
10
8 5 6 16 83 90 98 113 137
3 36 148 159
6
8 12 53 73 99 114 126 173 174
3 38 104 184
6
8 0 1 16 53 133 142 165 196
3 81 159 191
4
7 3 33 58 105 106 117 162
3 153 174 175
4
8 79 93 112 115 128 145 148 159
3 36 97 134
5
7 64 75 128 140 141 179 190
3 70 71 116
1
7 4 33 78 98 140 162 192
3 1 104 135
6
6 89 98 126 148 150 155
3 9 42 73
9
8 55 60 89 102 113 125 150 197
3 40 169 189
4
8 0 43 110 154 155 162 192 199
3 13 99 175
9
8 23 86 89 103 110 115 125 126
3 9 94 152
10
8 60 79 87 102 103 105 180 182
3 9 100 146
6
7 0 5 54 69 121 130 134
3 21 32 39
10
8 15 18 27 51 110 112 155 160
3 94 135 175
4
8 9 27 49 55 107 134 157 190
3 61 105 199
1
8 0 3 22 52 54 89 96 128
3 7 63 80
6
7 7 16 102 114 122 173 198
3 37 80 158
4
7 6 77 93 154 159 160 182
3 16 130 198
9
8 18 86 88 133 138 148 150 184
3 14 50 68
2
8 6 53 102 113 117 130 165 178
3 108 125 149
10
7 27 99 115 130 133 134 194
3 82 87 159
10
7 54 55 66 93 133 150 192
3 141 176 191
10
8 7 50 110 128 130 135 137 140
3 8 36 149
6
8 24 37 62 112 124 126 162 182
3 151 167 176
10
8 50 54 57 107 122 157 178 196
3 36 89 170
7
8 9 43 54 57 90 98 112 117
3 156 182 193
1
8 20 69 83 91 110 121 140 193
3 36 82 108
10
8 41 48 98 107 115 134 146 151
3 15 175 176
9
7 9 29 30 69 114 141 146
3 39 86 101
3
7 31 33 66 77 103 105 188
3 35 141 181
9
8 23 58 73 126 130 133 174 198
3 104 191 195
6
8 41 83 124 125 133 145 150 193
3 21 73 109
10
8 23 59 90 122 126 130 133 157
2 4 21
9
8 29 53 60 76 88 123 128 184
3 21 48 82
5
8 10 27 43 51 83 88 91 192
2 146 170
6
7 1 55 73 117 118 128 133
3 36 129 182
3
8 33 53 69 102 133 148 149 180
3 90 146 158
1
8 26 27 49 53 117 143 159 162
3 80 141 165
1
7 6 29 53 73 114 167 196
3 71 81 88
2
7 37 54 66 86 138 156 193
3 16 30 183
2
8 9 12 27 48 50 111 114 135
3 80 106 181
5
8 43 52 66 78 137 140 188 193
3 9 30 119
10
8 6 10 12 13 112 117 140 179
3 20 68 119
10
8 2 51 77 102 128 140 155 197
3 50 57 147
10
8 18 51 69 75 91 124 178 193
3 109 173 195
7
7 0 6 23 50 128 157 174
3 51 66 168
6
8 10 49 90 128 135 137 167 190
3 38 120 177
1
8 18 26 47 52 66 98 127 182
3 21 84 194
4
8 2 23 49 98 133 138 182 188
3 63 144 198
7
8 2 37 47 62 102 105 148 156
3 99 168 186
10
8 27 60 69 76 86 88 145 180
3 142 172 175
1
8 0 33 42 54 73 111 118 136
3 129 138 189
9
8 5 10 55 64 114 115 121 179
3 61 87 95
10
7 5 13 49 73 85 93 140
3 46 62 138
1
8 13 33 43 83 115 118 128 141
3 36 101 184
4
7 15 76 78 93 121 145 178
3 67 81 132
9
8 0 26 42 50 90 93 107 178
3 92 147 156
2
8 1 3 12 41 134 146 174 194
3 82 120 144
2
8 3 8 37 76 87 102 126 133
3 11 30 132
1
7 26 54 112 135 155 190 196
3 89 124 148
6
8 5 30 75 85 98 121 154 194
3 52 124 188
5
8 26 117 138 145 149 154 182 193
3 42 74 191
10
8 26 52 69 93 113 115 123 150
3 9 71 116
9
7 43 83 93 128 149 180 193
3 30 90 169
8
7 10 33 63 93 121 146 179
3 39 87 172
9
8 26 41 53 69 98 117 123 156
3 80 116 120
5
7 3 23 55 83 126 130 194
3 31 125 183
7
8 16 40 42 57 117 126 128 196
3 36 124 159
4
8 2 3 8 24 51 60 154 155
3 144 158 196
6
8 6 9 33 114 130 133 179 190
3 2 62 101
7
8 27 83 85 98 107 128 142 190
3 8 36 193
6
8 2 3 49 58 59 83 117 126
3 42 99 116
8
8 5 48 83 134 165 173 174 178
3 18 25 86
4
8 5 14 27 64 93 111 137 196
3 22 87 94
3
8 41 79 112 121 123 155 156 171
3 9 141 185
9
7 20 54 55 86 117 123 126
3 16 71 172
9
7 0 3 18 49 58 143 182
3 14 44 186
7
7 14 117 121 140 157 164 190
3 145 192 197
3
6 15 49 79 98 124 182
3 39 42 107
8
7 10 23 41 49 75 130 179
3 39 87 132
5
8 14 43 50 73 114 115 187 194
3 91 92 183
4
8 64 73 85 123 134 162 178 187
3 32 37 39
1
8 1 5 48 50 69 165 174 196
3 87 153 159
5
7 23 30 49 115 155 167 185
2 125 195
3
8 0 9 115 126 133 157 179 185
3 56 61 158
6
8 18 62 105 121 137 149 155 184
3 63 73 186
8
8 30 40 54 60 63 69 107 135
3 18 34 143
1
7 0 18 22 106 126 155 162
3 175 181 189
9
8 5 29 117 133 137 140 141 187
3 61 65 171
5
8 6 31 53 150 159 182 184 190
3 5 61 181
8
7 12 40 48 55 85 165 190
3 4 86 125
9
8 8 15 26 77 89 105 121 137
3 99 151 181
3
8 18 24 55 78 110 160 182 197
3 13 16 45
5
7 10 23 27 75 78 133 159
3 42 167 196
7
8 8 62 86 103 124 125 138 148
3 84 119 172
1
8 6 41 63 69 113 154 173 187
3 68 106 149
6
8 12 42 48 49 118 126 146 185
3 35 81 105
4
8 6 24 69 89 93 110 193 199
3 32 34 164
1
8 20 26 115 121 128 138 143 188
3 44 166 167
5
8 3 6 73 90 107 114 146 198
3 8 65 68
1
8 16 50 55 64 83 155 164 194
3 8 35 181
8
7 3 8 76 79 103 121 131
3 34 70 181
1
8 0 41 57 115 141 146 155 164
3 96 129 138
8
7 8 24 53 75 87 121 133
3 32 122 152
1
8 3 16 55 69 111 136 141 198
3 8 65 68
7
8 3 8 33 125 145 188 190 197
3 122 175 198
5
8 2 37 43 55 77 79 92 121
3 139 164 167
1
8 31 54 103 115 126 137 145 178
3 32 70 186
6
7 26 73 83 90 110 111 141
3 34 38 46
1
8 26 57 85 90 93 134 185 187
3 116 161 186
1
8 30 53 98 110 126 135 151 190
3 25 95 180
4
8 7 9 13 72 128 135 137 155
3 2 37 149
7
8 66 75 86 87 123 171 182 190
3 130 144 179
3
7 15 29 76 150 159 171 188
3 42 94 122
9
8 10 27 66 86 92 123 148 159
3 7 13 158
3
8 5 7 50 59 63 99 128 136
3 52 96 106
7
8 27 42 59 110 117 140 165 178
3 96 103 177
6
8 3 18 33 43 51 62 182 184
3 30 94 142
1
8 13 23 64 115 146 164 167 174
3 22 116 182
9
7 2 58 113 162 180 182 188
3 72 175 195
10
7 60 66 128 140 145 162 199
3 28 61 157
9
7 42 118 135 136 155 157 173
3 74 84 143
8
8 13 59 110 123 136 162 178 196
3 31 145 181
9
7 49 54 102 111 130 135 173
3 37 82 161
8
7 37 58 85 92 140 180 192
3 34 114 120
2
8 20 41 54 92 105 190 192 199
3 61 72 144
10
7 2 22 33 59 106 128 160
3 36 100 196
2
7 12 53 121 133 155 162 194
3 2 39 193
10
8 6 23 41 69 122 141 146 167
3 70 158 181
6
6 7 113 123 141 142 174
3 89 100 116
8
6 75 93 111 154 155 178
3 66 76 91
5
7 2 37 54 79 83 92 131
3 13 157 168
4
8 2 8 15 47 91 92 124 154
3 94 108 165
3
8 13 48 50 114 133 140 174 198
3 52 97 176
5
8 6 13 69 72 83 115 146 162
3 56 79 91
5
8 26 91 103 110 133 145 160 182
3 34 109 130
6
8 15 41 43 58 62 66 85 160
3 50 120 198
9
7 6 9 26 43 112 179 187
3 4 35 176
3
8 3 6 12 14 30 140 167 174
3 74 158 177
7
7 13 16 23 48 54 113 117
3 34 45 65
1
8 27 30 33 41 49 53 142 157
3 15 25 97
7
8 3 6 8 23 123 128 178 199
3 11 30 122
4
8 4 20 54 83 96 121 125 148
3 12 100 135
7
8 6 26 69 75 76 133 140 156
3 94 141 153
3
7 8 47 79 98 115 121 128
3 5 17 142
2
8 0 55 69 93 142 164 185 190
3 91 132 171
8
8 29 31 87 96 124 131 143 160
3 7 32 187
3
7 41 60 90 99 112 115 137
3 34 105 125
4
7 10 50 135 146 167 178 185
3 61 159 163
6
8 0 12 40 75 98 111 122 134
3 71 138 184
9
7 33 110 111 114 133 151 194
3 84 132 148
1
8 53 62 79 96 140 160 171 182
3 9 39 185
3
8 6 49 75 88 106 138 154 184
3 116 134 187
10
8 6 18 60 89 96 105 138 190
3 28 97 196
10
7 12 16 33 48 53 140 194
3 38 67 181
1
7 14 43 57 154 179 190 196
3 2 101 108
8
8 26 27 29 75 91 106 180 190
3 36 38 42
5
8 8 23 54 60 110 123 184 188
3 16 21 165
9
7 37 43 51 52 103 125 155
3 7 17 172
4
8 63 151 154 155 162 178 179 196
3 32 37 177
5
8 41 51 76 127 133 160 188 192
3 9 95 107
1
8 13 41 53 93 98 133 165 187
3 8 15 92
7
8 13 16 33 93 111 117 133 141
3 77 80 177
2
7 13 23 112 162 173 179 198
3 66 145 166
9
7 75 77 91 92 115 124 178
3 122 147 195
2
8 13 14 57 69 73 135 165 174
3 68 96 156
1
8 62 75 86 98 115 127 155 182
3 17 48 151
1
8 10 33 49 52 53 85 148 178
3 56 111 165
2
8 1 14 55 58 59 99 111 117
3 21 70 87
6
8 27 33 62 96 112 115 140 156
3 74 136 189
9
8 9 27 33 42 53 123 164 167
3 8 37 104
7
8 57 118 134 155 157 164 167 174
3 45 166 171
4
7 27 48 75 107 137 142 190
3 2 32 192
1
8 0 6 16 29 63 113 128 167
3 4 21 35
8
8 2 20 27 79 87 123 140 155
3 57 65 196
3
8 15 51 54 83 96 133 154 184
3 61 114 146
1
7 47 87 115 149 178 182 192
3 14 104 114
6
8 23 76 87 110 117 133 148 188
3 13 163 181
2
8 26 53 55 76 87 96 128 138
3 30 111 194
5
7 59 91 92 124 128 155 178
3 1 108 118
10
8 4 27 52 89 102 145 171 197
3 135 191 195
2
7 40 53 98 122 130 179 187
3 91 129 186
9
8 0 12 23 72 133 134 157 162
3 20 56 147
2
8 1 55 58 115 118 121 137 164
3 71 132 189
7
8 0 55 75 85 87 105 133 143
3 16 104 189
4
8 3 12 54 73 117 130 154 190
3 45 66 139
6
7 16 40 53 73 123 128 187
3 37 139 148
4
8 43 58 85 91 106 125 127 180
3 34 122 157
10
8 0 3 42 43 57 99 154 190
3 76 84 189
2
8 0 6 77 87 105 121 162 171
3 61 74 90
8
8 14 23 26 72 83 118 154 164
3 119 120 138
9
8 26 33 78 92 106 127 133 171
3 64 97 177
2
6 23 58 69 140 143 180
3 50 109 187
6
8 23 53 55 106 123 125 133 188
3 144 151 153
1
8 0 3 7 12 16 63 102 173
3 71 170 175
9
7 10 12 40 111 121 133 162
3 76 84 189
8
8 24 37 53 69 91 93 96 117
3 39 46 109
8
8 13 27 30 33 54 69 99 115
3 2 28 61
10
8 31 49 54 58 117 128 190 192
3 7 119 144
1
7 26 31 79 92 123 127 159
3 42 108 165
1
7 3 6 42 113 151 164 185
3 11 159 184
10
8 54 76 98 106 127 137 150 162
3 68 139 161
8
7 24 75 79 112 137 145 171
3 17 134 198
10
8 31 62 79 86 105 113 133 184
3 45 65 73
7
8 1 16 27 57 111 112 141 190
3 56 88 124
8
8 3 5 7 9 73 128 154 162
3 17 25 192
5
7 43 48 83 90 128 142 194
3 51 153 182
9
8 26 41 128 149 162 171 188 193
3 17 108 191
6
8 0 3 14 41 122 165 173 174
3 24 44 120
3
8 12 26 42 50 60 69 110 140
3 18 89 184
8
8 43 57 111 112 134 136 146 174
3 28 61 189
8
8 26 49 53 79 91 113 154 199
3 104 130 189
9
7 15 43 54 102 110 128 188
3 19 109 147
4
7 16 48 69 162 164 179 198
3 24 36 84
1
8 51 78 92 93 115 143 149 182
3 48 56 116
10
8 1 13 14 30 55 99 121 179
3 34 70 92
7
7 0 40 49 54 90 140 151
3 87 88 172
1
8 26 27 55 59 72 115 146 185
3 38 170 183
7
8 23 47 62 83 92 143 171 184
3 40 129 147
10
8 3 5 16 26 64 155 178 194
3 31 139 186
6
7 10 26 77 93 96 112 149
3 21 165 170
2
8 15 37 88 121 126 131 137 180
3 141 142 183
7
8 13 40 50 75 98 118 151 196
3 120 160 180
8
7 9 90 114 115 117 140 194
3 86 132 149
8
8 23 41 54 117 146 187 194 198
3 15 28 181
1
7 23 73 114 122 162 164 196
3 84 139 150
9
6 66 91 92 103 115 121
3 94 118 151
7
8 0 57 63 114 123 164 179 196
3 18 78 186
1
7 60 91 110 126 149 171 197
3 100 167 173
10
8 30 57 69 90 107 113 121 178
3 35 88 101
2
8 10 40 115 140 151 167 178 196
3 19 36 97
6
8 10 43 93 99 118 140 167 185
3 76 92 100
5
8 13 48 64 73 98 135 165 173
3 61 88 195
3
8 3 47 58 83 96 121 126 131
3 7 28 109
6
8 4 76 87 93 103 125 127 184
3 7 34 141
3
8 52 62 77 92 106 123 128 184
3 129 144 153
5
8 10 53 58 63 75 122 174 185
3 91 181 186
7
8 3 8 37 98 117 126 143 159
3 1 44 56
3
8 3 6 26 27 128 159 178 184
3 45 82 134
1
8 0 6 48 73 90 98 154 174
3 81 92 152
9
8 1 10 16 26 42 115 121 154
3 103 172 195
5
7 47 52 96 112 124 131 137
3 57 177 179
10
8 9 26 42 111 117 122 179 187
3 25 32 153
10
8 9 16 33 58 73 98 117 167
3 87 88 170
10
8 14 16 49 55 111 117 133 137
3 19 31 45
6
8 3 9 30 69 136 165 187 194
3 109 120 191
4
6 3 4 78 92 138 155
3 99 119 166
2
7 3 77 85 117 127 162 180
3 100 111 181
9
8 3 14 59 63 90 128 137 142
3 71 161 163
8
8 22 27 76 88 112 124 145 182
3 48 72 167
6
7 0 6 23 72 114 141 187
3 22 145 156
5
8 2 3 6 37 66 69 75 180
3 46 61 107
10
7 26 59 75 112 117 154 157
3 35 89 163
3
8 13 40 93 110 112 126 128 157
2 39 106
10
8 20 24 58 75 131 140 148 156
3 114 136 147
7
7 23 58 62 98 113 190 197
3 32 130 181
9
7 10 43 47 83 89 133 184
3 65 122 153
5
7 26 53 55 60 73 128 137
3 32 35 160
6
8 49 53 83 98 111 117 187 190
3 77 82 199
9
8 29 64 85 115 136 173 190 194
3 68 169 176
4
8 7 26 83 114 115 117 136 173
3 20 25 89
5
8 59 64 90 98 99 126 194 198
3 46 95 100
4
8 0 10 60 110 126 140 149 192
3 35 119 120
10
8 10 55 63 73 113 146 157 178
3 8 68 176
1
8 10 27 59 60 89 133 140 171
3 84 101 116
8
7 2 31 52 60 76 125 160
3 44 97 152
2
8 40 75 83 135 146 155 167 190
3 18 28 180
10
8 15 43 59 66 75 83 85 178
3 7 134 142
5
8 1 6 7 33 69 112 173 178
3 120 150 170
1
7 4 15 49 62 87 125 133
3 17 108 111
7
8 9 29 48 53 85 122 165 194
3 119 181 199
2
7 0 13 53 128 135 164 194
3 79 94 109
10
8 0 66 79 105 149 150 155 182
3 104 119 139
9
8 5 23 40 50 54 113 136 157
3 131 156 181
5
7 43 60 102 111 112 140 155
3 103 131 158
2
8 0 14 30 102 122 133 167 194
3 28 169 170
10
7 20 75 79 117 121 156 199
3 32 153 172
6
8 66 77 79 85 91 96 121 128
3 63 118 151
6
8 18 33 52 102 103 112 128 160
3 42 61 189
7
8 23 49 85 102 113 128 142 151
3 24 132 188
1
8 0 14 64 93 112 121 123 173
3 119 152 153
9
8 23 30 42 48 93 112 137 185
3 51 101 188
8
8 9 10 29 30 60 75 141 162
3 36 52 172
3
7 27 128 137 146 157 164 185
3 38 148 176
5
8 10 59 75 90 98 118 136 173
3 35 39 74
8
8 27 58 107 112 121 141 146 179
3 45 166 195
3
8 57 121 135 142 154 165 167 174
3 39 159 180
8
8 12 26 48 69 93 134 173 178
3 18 87 147
3
7 6 9 26 137 141 194 196
3 51 105 197
2
7 37 62 93 96 133 171 193
3 109 166 168
3
8 0 49 60 75 77 86 149 150
3 39 50 95
1
8 49 52 69 96 126 160 182 188
3 95 147 151
8
8 1 16 29 75 85 115 121 141
3 47 143 175
1
8 5 27 69 83 136 140 141 185
3 149 168 189
6
8 18 20 22 60 110 126 154 178
3 32 50 147
3
8 0 15 47 59 124 131 140 171
3 82 101 132
10
8 4 10 24 27 78 137 178 197
3 99 136 151
8
8 33 54 91 140 150 155 184 192
3 130 139 186
10
7 0 27 29 75 78 86 117
3 38 118 122
6
7 26 37 83 91 96 98 103
3 34 101 116
5
8 13 23 118 122 134 137 151 174
2 160 163
7
7 9 49 58 63 72 114 141
3 65 166 195
4
8 2 18 37 105 145 162 193 197
3 5 56 136
1
8 29 33 49 78 131 159 178 180
3 9 14 116
6
7 4 20 92 105 110 117 150
3 71 100 170
5
8 2 3 41 43 87 93 148 156
3 40 74 132
4
8 86 91 115 123 128 138 154 160
3 38 68 122
9
7 2 37 58 85 93 98 115
3 46 84 168
9
8 3 29 54 75 105 110 115 145
3 19 50 120
6
8 0 24 27 66 92 102 106 178
3 90 101 109
4
8 4 6 22 59 66 78 91 197
3 34 50 57
7
8 9 10 23 42 72 118 128 134
3 88 158 197
7
8 31 88 91 110 126 137 154 197
3 35 65 107
6
8 9 12 13 122 123 140 151 187
3 68 76 132
8
8 15 24 113 115 126 149 159 193
3 1 48 132
6
8 0 27 58 60 76 83 85 102
3 25 100 196
3
8 3 43 53 66 77 86 103 145
3 30 114 130
4
8 0 10 49 99 115 130 135 140
3 34 76 156
10
8 6 18 22 41 51 87 121 126
3 136 157 179
5
8 5 9 33 41 42 50 114 135
3 138 161 177
9
8 15 24 29 49 87 115 128 180
3 74 119 196
4
8 4 18 22 31 75 78 124 137
3 9 95 101
7
8 5 27 43 53 98 146 155 165
3 15 39 47
4
7 22 27 79 87 159 192 199
3 80 174 191
3
7 2 98 103 110 148 149 156
3 17 99 169
8
7 12 63 130 134 157 167 196
3 20 52 183
3
8 14 69 112 115 126 151 155 194
3 11 31 47
6
7 43 76 83 131 137 192 197
3 70 99 139
1
8 6 16 40 49 85 114 174 190
3 28 38 45
10
7 6 8 62 77 78 91 193
3 64 122 187
7
8 2 49 51 54 96 103 124 188
3 28 34 119
6
8 26 60 75 77 85 113 121 184
3 90 109 195
5
8 12 69 83 102 122 128 151 194
3 19 52 138
9
8 64 69 83 93 111 155 165 194
3 8 139 159
10
7 52 75 87 145 148 171 199
3 40 45 174
7
8 3 12 59 98 112 115 157 164
3 17 81 172
4
8 6 27 48 54 63 93 114 185
3 104 152 184
5
8 22 24 83 105 128 143 182 193
3 7 64 136
9
8 9 55 73 99 114 157 164 173
3 46 184 188
7
8 33 47 58 87 113 155 188 197
3 32 97 134
7
8 16 75 99 111 122 128 133 162
2 62 87
6
8 10 22 23 47 87 138 154 192
3 81 82 94
10
8 31 54 75 85 93 112 127 159
3 30 34 40
1
8 12 41 73 83 111 137 142 190
3 79 144 181
3
8 49 53 66 91 112 126 143 192
3 107 191 196
8
8 24 27 58 76 121 131 145 190
3 36 109 142
2
8 22 23 26 52 66 76 150 188
3 36 163 177
7
8 26 85 89 92 96 124 126 150
3 84 90 144
10
8 23 33 52 55 110 149 155 199
3 1 50 152
7
7 15 20 31 124 126 143 160
3 84 129 195
8
7 29 54 76 102 124 128 140
3 100 116 196
2
8 2 29 33 49 54 87 98 128
3 122 169 194
10
8 30 55 90 111 115 117 126 190
3 78 109 148
6
8 10 58 60 85 93 118 157 167
3 52 62 152
5
8 7 53 98 114 134 142 151 173
3 129 150 156
9
7 18 20 29 43 53 102 140
3 42 168 173
9
8 22 54 55 78 117 178 182 192
3 97 157 187
1
8 6 15 20 52 79 88 105 127
3 73 146 151
1
8 13 57 73 121 146 154 174 187
3 84 101 189
4
7 4 24 53 69 85 86 180
3 108 119 187
8
7 54 62 102 125 154 156 199
3 25 164 172
8
8 43 47 75 85 106 115 127 150
3 25 141 191
3
8 86 88 91 103 105 143 154 155
3 16 39 174
7
7 12 14 42 64 121 187 198
3 20 96 127
2
7 22 60 85 87 145 155 199
3 135 147 170
4
8 0 3 8 75 98 103 112 115
3 70 97 142
2
8 3 47 91 98 105 123 128 182
3 100 168 170
3
8 3 49 76 92 110 112 138 182
3 72 132 179
2
8 26 60 86 102 110 117 123 192
3 100 135 151
4
8 16 57 58 93 114 135 142 173
3 17 138 197
9
8 60 118 121 123 162 174 178 196
3 15 124 168
3
8 0 55 59 63 93 112 121 164
3 78 119 160
9
8 6 18 41 52 58 89 149 171
3 39 122 130
8
8 9 10 59 69 111 122 134 136
3 45 82 169
7
8 8 31 33 121 143 171 188 199
3 7 90 104
9
8 2 10 37 62 112 145 148 184
3 68 141 158
9
8 43 53 76 150 154 182 197 199
3 42 158 174
1
8 1 16 27 48 59 123 146 165
3 37 106 181
1
8 15 24 26 47 52 66 85 149
3 5 152 179
10
8 6 59 76 87 88 126 143 160
3 175 191 196
4
8 3 10 31 49 54 58 93 123
3 129 136 186
4
8 3 54 57 102 123 126 174 198
3 24 28 160
5
8 27 30 50 111 121 137 179 198
3 4 38 67
4
8 12 29 113 114 135 167 190 198
3 46 84 197
10
7 6 30 55 57 72 111 154
3 67 68 159
6
8 6 18 23 76 112 131 150 155
3 48 168 176
6
8 40 73 83 107 115 137 151 194
3 28 34 186
5
8 6 55 93 98 111 134 151 173
3 76 131 193
9
7 5 9 69 102 128 136 141
3 37 152 188
1
8 1 13 16 23 42 110 141 198
3 20 21 156
2
7 0 20 29 91 106 137 160
3 56 104 195
5
8 3 27 41 59 115 173 187 190
3 22 143 193
9
7 41 48 60 69 72 122 157
3 28 37 193
10
8 47 52 54 55 69 86 88 148
3 21 34 120
6
8 24 33 69 124 126 140 150 156
3 101 158 175
2
7 33 49 83 92 150 159 171
3 67 114 177
9
8 7 9 23 60 135 136 164 167
3 21 71 106
9
7 6 30 48 57 122 133 134
3 32 125 181
10
8 6 14 23 26 41 54 57 162
3 21 101 131
5
8 3 37 60 75 126 140 154 193
3 64 141 179
6
8 5 30 33 43 117 122 164 194
3 36 132 148
8
7 13 14 16 33 59 72 173
3 108 181 189
10
8 3 55 75 88 123 154 155 192
3 45 56 61
4
8 20 54 58 133 138 140 148 178
3 35 73 151
7
8 85 92 133 137 140 149 154 188
3 11 45 168
4
8 41 47 49 92 154 159 180 188
3 67 111 167
1
7 15 47 49 52 88 117 127
3 116 163 198
10
8 31 62 112 121 126 159 190 197
3 16 167 172
4
8 12 16 69 98 102 107 126 142
3 24 44 80
9
7 0 29 69 76 83 148 162
3 12 70 187
3
6 83 93 111 122 141 194
3 38 47 184
8
8 7 29 33 42 72 90 136 164
3 51 66 68
3
8 13 41 48 118 136 146 187 198
3 32 84 104
10
7 117 121 126 167 174 178 190
2 89 104
8
6 42 59 107 128 134 135
3 18 116 166
5
8 29 58 60 117 135 141 151 173
3 20 92 199
1
8 9 27 72 75 83 134 164 194
3 17 36 132
10
7 18 31 33 54 62 127 188
3 35 129 135
8
8 12 30 50 63 69 83 85 185
3 87 97 183
9
8 3 15 31 93 103 113 155 188
3 1 65 129
10
8 49 53 63 85 102 115 122 164
3 45 76 160
1
8 1 6 29 49 93 123 140 190
3 2 24 109
2
8 6 23 99 110 117 126 135 142
3 88 119 150
8
8 98 126 133 140 164 165 187 198
2 47 68
9
8 37 77 86 117 123 127 131 145
3 42 109 198
4
8 7 9 33 64 83 99 122 179
3 21 148 193
9
8 15 24 54 62 69 88 117 192
3 44 80 94
3
8 1 5 49 58 64 141 167 178
3 20 65 125
2
8 3 26 48 50 54 113 133 140
3 8 62 161
4
8 1 27 29 48 49 93 142 174
3 4 19 104
9
7 15 27 113 149 155 171 193
3 56 104 187
2
8 7 26 48 60 126 157 173 194
3 77 103 153
7
8 51 60 75 76 103 121 159 188
3 46 116 139
1
8 6 18 27 49 77 85 117 182
3 21 36 38
1
8 8 41 66 106 138 159 184 193
3 35 38 147
1
8 2 41 47 52 53 87 154 197
3 1 42 172
1
8 15 23 41 60 138 145 155 188
3 1 68 161
7
7 26 29 60 122 135 167 190
2 22 138
4
8 5 43 90 93 102 130 140 179
3 91 116 171
8
8 23 54 87 112 145 150 156 188
3 11 44 165
8
8 5 7 10 114 123 151 185 190
3 106 116 119
6
8 8 24 53 76 113 148 188 193
3 63 122 185
7
6 7 26 102 142 187 194
3 21 92 148
4
7 10 49 50 133 136 146 178
3 92 119 125
7
8 2 6 24 52 98 149 150 193
3 5 71 120
8
8 75 118 141 151 164 167 190 198
3 65 147 170
3
8 33 43 58 75 93 122 134 157
3 92 170 182
9
8 23 31 125 131 140 180 182 197
3 67 174 198
5
6 5 12 50 75 93 198
3 17 87 184
8
8 49 55 83 107 133 134 167 194
3 20 45 147
8
8 20 85 106 115 124 138 145 188
3 35 181 183
1
8 5 29 43 93 130 157 178 179
3 84 97 168
2
8 72 90 93 115 140 162 185 196
3 65 161 188
8
8 6 31 43 47 60 76 83 115
3 95 181 186
6
7 15 33 83 86 103 180 190
3 30 94 163
6
8 10 26 48 83 113 155 165 179
3 8 91 159
3
7 31 58 159 160 188 193 199
3 9 12 134
3
8 1 53 63 90 121 137 157 173
3 71 104 127
4
8 14 29 54 72 121 133 157 196
3 37 100 147
7
8 3 5 23 26 57 75 90 173
3 81 143 145
3
7 1 112 121 146 162 164 187
2 56 109
10
8 3 4 6 27 93 117 133 149
3 45 67 151
3
8 3 52 60 79 88 105 156 193
3 95 107 165
2
8 7 54 69 75 135 137 155 157
3 66 131 177
6
8 0 5 7 10 26 102 165 187
3 11 139 175
10
8 5 9 13 29 60 112 135 146
3 51 149 195
9
8 8 18 26 47 59 131 138 154
3 64 146 151
3
7 7 16 27 42 57 111 142
3 132 138 159
10
8 60 64 85 121 122 128 140 174
3 11 144 170
7
8 26 33 72 73 107 128 133 136
3 149 150 152
10
8 0 5 23 40 123 126 134 173
3 22 56 159
1
8 63 75 90 102 112 123 162 185
3 20 34 193
4
7 48 53 69 90 121 140 155
3 125 145 180
5
8 3 10 16 29 33 58 133 190
3 127 186 188
4
7 0 1 40 75 114 140 194
3 19 105 193
7
8 4 26 52 77 93 125 126 149
3 17 40 144
6
8 1 5 40 53 55 85 133 135
3 81 131 188
8
8 7 16 48 59 112 142 187 196
3 24 78 104
3
8 24 43 103 123 128 133 137 150
3 9 146 166
6
7 23 33 49 50 112 155 196
3 22 80 82
2
8 26 43 93 98 106 112 159 162
3 153 163 186
6
8 5 7 14 83 107 121 141 185
3 71 169 197
8
6 2 10 41 125 149 190
3 99 164 165
4
7 26 30 53 60 83 111 173
3 74 77 86
9
8 6 13 23 53 133 134 136 187
3 19 46 181
10
8 23 72 118 122 133 136 154 167
3 108 131 145
2
8 112 133 138 145 148 150 184 193
3 104 139 195
3
7 31 49 52 78 92 121 149
3 74 139 194
8
7 24 91 106 115 126 143 149
3 84 99 183
8
8 5 48 75 98 102 114 142 174
3 120 144 145
7
8 23 43 49 73 90 98 118 134
3 68 153 193
2
8 6 41 117 127 138 140 162 180
3 17 152 195
10
6 55 77 106 145 159 182
3 100 172 176
8
7 43 47 93 103 127 137 190
3 13 56 177
5
8 9 41 113 122 134 135 157 198
3 32 70 74
9
8 1 13 40 69 83 98 155 196
3 95 116 195
9
7 13 48 99 110 114 162 164
3 166 175 199
5
6 59 83 96 148 193 197
3 64 71 185
3
8 7 50 55 90 112 154 157 196
3 11 15 116
1
8 4 15 24 41 47 69 89 93
3 63 147 169
3
8 13 26 27 72 112 164 165 178
3 18 70 77
6
7 0 85 89 92 149 155 159
3 36 45 144
1
8 29 41 58 83 92 98 112 156
3 61 73 146
2
8 27 43 48 72 73 102 141 165
3 104 144 153
1
7 16 26 42 48 115 122 165
3 80 95 189
5
8 43 77 112 128 140 171 182 184
3 71 97 107
9
8 9 136 137 146 155 167 174 187
3 47 106 127
2
8 3 77 88 91 98 133 162 197
3 134 151 164
6
7 6 41 99 142 151 162 167
3 61 84 125
7
7 29 53 90 133 135 154 167
3 89 103 184
6
8 0 13 29 40 41 53 60 178
3 31 88 139
2
7 1 14 69 117 133 136 187
3 39 143 180
8
7 66 92 93 148 159 188 193
2 108 144
1
8 48 60 75 115 136 146 157 165
3 45 81 94
3
7 23 24 58 62 86 145 180
3 38 161 177
7
8 0 33 37 41 77 115 184 199
3 104 122 174
3
8 2 22 37 58 75 89 143 162
3 14 61 111
10
8 10 20 37 58 131 156 182 197
3 25 168 173
3
8 22 26 60 87 123 124 143 180
3 28 130 183
6
8 14 42 98 99 112 113 114 162
3 21 105 163
4
8 12 14 50 85 102 107 121 173
3 46 71 143
2
8 4 15 85 98 103 124 145 180
3 132 157 186
4
8 10 78 83 88 92 98 106 180
3 39 158 167
10
7 2 83 91 93 117 125 193
3 70 111 198
10
8 0 26 33 78 87 92 154 180
3 56 63 175
8
7 24 43 156 159 160 190 192
3 73 139 165
5
8 3 6 85 102 106 110 117 171
3 36 67 161
5
7 7 10 42 48 110 111 137
3 28 46 74
8
7 24 53 54 78 117 143 180
3 32 63 80
10
8 12 50 60 72 102 122 164 167
3 71 116 169
6
7 15 49 53 76 125 133 140
3 11 82 185
2
8 26 43 83 91 110 112 126 143
2 64 152
8
7 52 54 96 98 131 133 137
3 175 195 196
3
6 3 4 20 62 96 162
3 38 97 147
9
8 33 43 59 64 83 110 112 167
3 89 149 153
9
8 0 5 33 40 90 112 134 196
3 2 95 189
5
8 16 55 58 60 83 102 173 196
3 67 180 195
9
8 9 49 58 83 114 157 190 194
3 46 149 176
8
8 5 14 90 102 113 151 178 196
3 8 31 175
3
8 4 27 51 92 112 138 182 193
3 68 158 175
9
8 6 20 59 66 121 137 143 145
3 132 151 186
10
7 31 33 51 78 110 148 197
3 25 120 141
2
8 3 30 93 107 121 164 179 185
3 46 78 193
1
8 2 3 49 113 123 127 154 199
3 74 109 151
4
7 10 27 40 42 49 123 167
3 34 45 78
10
8 12 48 69 99 123 141 174 187
3 21 89 96
5
7 5 13 48 115 117 133 134
3 15 100 184
1
8 27 86 88 105 123 124 140 159
3 65 90 129
5
8 43 58 59 93 107 121 142 164
3 21 109 191
5
8 6 30 85 93 113 117 164 179
3 15 37 82
9
8 15 27 33 53 121 178 188 199
3 32 118 189
5
8 9 23 90 115 121 165 178 179
3 20 46 152
5
8 6 27 79 89 106 140 143 156
3 104 120 139
5
8 23 33 41 98 110 114 117 130
3 18 62 169
3
8 0 7 41 102 112 134 187 196
3 38 91 192
7
7 27 54 117 121 126 140 146
3 88 158 182
4
8 3 102 110 114 121 130 146 165
3 68 70 158
5
8 2 6 75 76 83 110 112 137
3 5 9 48
3
8 1 10 12 30 33 41 53 130
3 32 160 195
1
8 5 14 60 85 135 165 190 194
3 31 87 91
6
8 0 9 12 13 69 123 146 190
3 82 105 160
7
8 8 23 29 54 77 79 123 162
3 35 39 161
7
8 24 69 79 96 121 125 128 192
3 32 68 194
8
7 30 53 69 83 121 162 185
3 19 77 103
9
7 2 52 53 69 85 96 188
3 48 74 82
3
8 26 60 87 92 102 126 137 148
3 46 129 161
2
8 6 69 79 83 92 149 150 162
3 68 132 168
2
8 8 10 23 52 85 112 133 148
3 21 34 108
4
8 7 13 14 58 73 85 90 128
3 39 80 192
3
8 0 22 33 52 76 121 150 156
3 153 167 170
10
8 5 30 50 64 99 118 135 174
3 81 108 143
7
7 0 58 59 92 123 137 154
3 84 120 176
3
8 26 27 62 78 98 110 137 190
3 65 95 157
1
8 3 22 24 60 89 131 154 162
3 19 68 80
9
7 3 41 47 125 131 162 171
3 21 72 179
1
8 2 8 27 31 113 131 137 159
3 57 81 94
3
7 0 4 88 96 126 155 197
3 63 168 177
7
8 7 23 41 42 54 83 102 146
3 65 78 159
9
8 8 47 58 60 78 88 133 184
3 45 63 95
1
8 76 85 91 93 113 143 149 192
3 13 21 67
6
7 64 112 122 123 136 165 174
3 103 120 148
7
7 2 31 47 58 86 91 127
3 34 94 139
5
8 4 15 41 86 106 112 125 184
3 28 61 170
3
7 23 59 66 83 127 138 145
3 30 71 97
8
7 0 55 63 69 98 107 185
3 150 175 193
7
7 3 18 88 89 127 143 156
3 9 74 134
9
7 55 69 85 106 128 155 199
3 42 142 169
3
7 0 57 63 98 113 190 198
3 32 159 188
10
7 10 33 41 43 62 75 76
3 50 135 161
8
7 10 54 66 87 162 171 188
3 94 157 172
3
8 3 10 33 42 43 123 134 178
3 77 144 183
7
7 33 48 69 85 107 151 185
3 67 143 148
8
7 9 27 123 151 155 165 173
3 36 67 94
9
8 9 12 16 33 41 110 112 198
3 106 163 175
1
8 0 8 33 43 47 75 93 131
3 21 34 82
6
8 15 31 89 123 143 162 190 193
3 67 177 181
5
6 6 33 105 128 178 193
3 40 101 187
10
8 88 93 113 127 140 149 160 197
3 16 35 97
6
8 2 43 54 115 125 128 182 192
3 107 186 187
3
8 27 40 64 83 117 126 151 154
3 61 70 91
5
8 14 26 54 59 69 102 112 136
3 95 150 182
3
8 22 23 24 69 92 126 193 199
3 38 134 164
10
8 14 30 99 112 113 151 157 167
3 44 66 181
7
8 23 59 113 118 122 137 194 198
3 92 182 192
2
8 3 14 16 33 43 50 113 196
3 66 145 166
1
8 0 64 102 107 133 157 173 194
3 44 76 131
5
8 18 52 89 93 150 156 178 192
3 12 34 56
5
7 1 3 7 55 73 113 154
3 22 127 182
1
7 102 115 126 134 155 185 194
3 39 144 169
4
8 18 66 75 89 105 106 123 160
3 80 111 151
7
8 8 22 29 37 89 105 121 156
3 39 101 135
4
8 23 26 66 79 88 103 106 154
3 71 114 161
6
8 22 51 87 88 93 103 131 188
3 39 42 186
7
8 0 6 54 98 102 105 155 199
3 67 82 135
3
7 29 49 72 75 112 134 165
3 28 124 161
3
8 14 60 85 121 140 141 167 179
3 15 166 191
8
7 0 40 55 98 142 179 196
3 65 79 92
6
7 3 6 27 58 83 102 137
3 63 116 122
8
7 0 10 12 49 83 110 137
3 47 106 149
1
7 59 69 93 98 110 115 151
3 61 95 132
8
8 0 22 86 110 128 131 162 182
3 32 94 130
5
8 5 16 33 59 115 134 142 190
3 62 101 139
1
8 87 91 143 149 180 182 192 193
3 12 17 71
5
8 10 43 51 115 126 143 178 197
3 50 136 194
1
8 54 55 57 63 99 137 146 151
3 47 143 163
2
7 12 14 55 63 123 126 134
3 22 65 106
2
8 24 37 60 77 124 126 150 160
3 119 136 151
3
7 30 54 72 99 123 155 179
3 19 32 129
4
8 2 26 33 41 76 98 106 110
3 5 48 187
5
6 62 79 105 133 162 192
3 63 134 141
3
7 0 7 64 112 114 162 198
3 88 95 192
8
6 8 41 87 103 106 156
3 28 114 174
3
8 58 60 99 122 135 136 141 154
3 18 31 183
5
8 7 30 41 43 146 174 185 196
3 96 192 193
3
8 13 41 60 63 98 118 121 173
3 95 161 166
4
8 8 29 43 69 85 86 182 197
3 25 132 198
3
8 48 53 102 107 110 154 162 196
3 105 144 160
9
8 10 26 53 76 112 154 155 193
3 5 183 191
6
7 64 114 115 151 165 167 187
3 17 24 25
3
7 6 22 51 62 110 117 159
3 64 120 186
10
7 22 77 85 148 182 192 193
3 44 114 179
7
8 6 10 37 59 75 93 113 162
3 42 134 183
1
8 23 27 79 88 112 149 154 159
3 5 38 116
8
8 8 22 27 91 103 106 117 199
3 40 99 152
7
7 62 69 78 124 137 140 193
3 116 158 161
4
8 33 52 59 69 77 98 121 150
3 73 194 198
2
8 15 43 54 87 112 140 156 192
3 12 25 28
8
8 12 14 54 60 115 126 141 190
3 19 125 145
5
8 22 43 77 110 112 137 190 193
3 122 146 177
8
8 13 14 29 49 110 111 146 196
3 8 22 86
6
7 10 66 76 79 171 188 190
3 34 67 134
5
8 6 85 99 136 140 162 173 185
3 19 47 171
7
6 2 53 62 76 96 149
3 25 34 130
1
8 6 10 57 59 113 121 141 157
3 94 159 188
3
8 41 59 83 93 98 107 162 167
3 81 95 149
9
8 14 29 60 134 137 154 155 196
3 70 81 94
9
8 1 13 30 54 64 99 140 164
3 46 175 199
10
8 40 60 64 117 126 179 185 196
3 31 158 199
1
7 0 26 30 43 64 69 136
3 61 74 79
8
8 40 53 57 121 126 133 154 173
2 28 192
1
8 3 23 33 37 52 55 105 171
3 46 82 118
7
8 12 29 33 69 90 93 114 136
3 116 131 184
3
8 9 33 58 60 98 99 167 179
3 25 91 163
9
8 4 47 77 106 113 123 154 162
3 134 158 173
7
8 60 66 69 96 117 121 182 193
3 142 157 163
10
8 3 33 85 87 102 105 149 171
3 71 170 172
10
7 12 30 49 53 63 112 117
3 35 138 145
1
8 18 43 66 96 102 110 149 154
3 46 80 95
6
8 20 49 77 105 126 128 137 160
3 46 99 152
9
8 3 98 115 151 154 157 185 190
3 77 108 120
8
8 14 30 49 50 113 137 141 151
3 28 32 161
7
8 0 3 14 33 43 115 118 194
3 116 161 176
4
8 43 49 60 85 107 112 113 151
3 20 47 139
8
7 42 49 99 107 126 130 133
3 4 77 116
6
8 10 23 58 66 128 138 171 197
3 81 94 139
6
7 5 49 98 133 165 187 198
3 38 56 66
4
7 5 85 93 122 123 146 187
2 18 67
10
8 3 10 20 26 115 155 180 188
3 48 73 111
8
8 12 42 55 85 117 162 165 178
3 11 81 89
2
8 0 10 29 33 37 54 156 171
3 68 81 111
9
7 6 47 98 124 133 162 188
3 64 169 176
4
8 26 48 75 107 111 155 190 194
3 65 81 169
8
8 1 5 14 16 29 72 137 178
3 82 89 91
6
8 8 22 31 69 117 123 149 159
2 11 36
3
8 6 41 42 54 73 75 98 114
3 51 182 197
3
8 15 37 43 86 117 143 148 182
3 36 57 169
1
8 20 31 77 79 85 125 143 193
3 46 68 108
1
6 42 49 60 118 155 164
3 172 184 188
4
8 27 59 75 89 96 127 138 145
3 109 136 195
2
8 52 53 87 93 103 112 124 150
3 170 186 194
8
8 18 52 98 102 143 160 171 193
3 50 152 174
2
7 27 52 58 78 88 160 180
3 28 30 191
6
8 4 29 37 77 86 87 103 112
3 34 68 186
5
7 8 15 26 69 88 155 182
3 68 99 172
6
6 73 93 136 154 194 196
3 4 81 166
10
7 2 20 62 76 91 140 149
3 63 95 139
5
7 23 26 77 137 138 155 156
3 5 21 142
3
8 2 20 59 89 96 110 117 159
3 118 144 152
8
7 6 41 52 76 85 96 199
3 7 161 179
7
8 15 41 43 78 89 112 137 140
3 61 191 198
3
8 2 29 37 55 78 103 140 197
3 65 80 152
4
8 1 54 69 72 111 115 165 178
3 45 91 180
5
8 49 53 60 89 121 123 145 188
3 164 167 175
8
8 9 40 53 118 126 133 179 198
3 35 77 169
9
8 0 27 51 59 66 69 96 150
3 32 67 116
8
8 31 76 79 113 127 154 160 199
3 35 63 185
6
6 14 72 85 98 162 173
3 8 143 147
1
7 10 23 52 85 102 162 178
3 48 72 130
2
7 43 60 118 135 137 179 185
3 56 86 188
8
8 6 47 51 53 93 113 133 197
3 71 166 179
9
8 1 14 64 112 126 154 157 167
3 46 66 191
4
8 6 7 53 110 128 136 151 173
3 31 47 65
5
8 6 58 125 148 149 155 160 180
3 36 80 157
10
7 8 29 55 76 89 102 124
3 90 161 169
7
8 53 59 69 75 98 110 140 194
3 20 132 177
7
8 18 31 79 96 121 131 149 162
3 84 170 181
10
8 26 43 48 113 114 128 136 162
3 104 172 183
7
7 24 37 52 78 85 115 126
3 56 163 185
9
8 7 41 93 140 155 162 179 194
3 66 101 124
4
8 8 27 58 75 96 102 178 188
3 97 129 187
7
8 12 27 55 69 90 133 178 179
3 11 46 95
2
8 18 41 52 83 103 131 150 171
3 36 73 114
2
7 24 66 86 102 110 171 193
3 30 104 166
5
8 27 59 79 86 110 112 133 143
3 30 146 176
7
8 10 15 31 62 69 77 155 159
3 97 152 170
4
8 4 23 60 85 87 96 138 140
3 21 135 142
3
7 60 103 106 148 149 182 188
3 64 139 189
2
8 29 33 88 92 98 137 178 197
3 40 165 186
5
8 12 63 85 90 110 135 136 196
3 35 65 74
3
7 18 43 92 103 137 162 180
3 40 104 152
6
7 37 41 75 76 86 156 171
3 120 161 189
6
8 0 26 31 59 86 137 155 184
3 40 116 158
3
8 18 27 43 75 89 105 148 188
3 120 152 183
5
8 27 85 106 125 131 137 184 188
3 100 130 174
7
8 0 20 22 27 76 93 127 197
3 17 95 170
6
8 3 14 30 48 72 113 140 194
3 159 180 186
3
8 7 10 14 30 64 75 107 130
3 70 95 166
2
7 12 54 73 98 111 112 155
3 47 103 109
9
8 10 15 24 52 55 88 154 184
3 80 82 168
2
7 93 110 112 121 131 154 193
3 14 135 166
5
8 10 23 26 30 42 63 83 136
3 71 86 91
5
8 2 52 58 76 79 93 115 197
3 34 65 67
1
8 6 60 87 91 156 180 182 192
3 25 42 177
8
8 48 55 59 93 115 123 128 133
3 94 125 156
4
8 37 62 76 87 143 154 162 188
3 25 45 81
8
7 23 26 75 77 103 110 155
3 61 168 185
2
7 58 59 76 77 124 154 199
3 34 167 194
1
8 9 26 42 49 72 102 112 123
3 28 80 188
4
8 3 43 60 90 121 123 126 155
3 38 84 199
4
8 3 15 18 33 85 143 155 188
3 7 17 99
5
8 0 55 63 83 98 111 126 142
3 22 84 101
9
8 58 59 73 118 121 136 142 146
3 11 20 160
