4 44
293.17 436.608
278.014 411.349
313.377 395.472
324.924 422.896
309.769 458.98
284.51 487.126
333.584 519.602
303.273 534.757
306.16 567.955
324.202 545.583
309.769 503.725
278.736 548.469
254.199 411.349
231.827 371.656
270.798 371.656
260.694 341.345
243.373 311.034
238.322 350.005
196.464 339.902
181.308 316.086
213.063 316.086
171.205 298.766
198.629 285.054
319.151 373.099
337.914 388.977
382.659 397.637
362.452 365.883
384.102 344.232
405.031 360.109
421.63 337.737
388.433 318.251
425.239 290.105
445.446 316.086
443.281 353.614
469.983 312.478
458.436 293.714
412.248 381.76
353.792 412.07
330.698 487.848
329.254 448.155
334.306 588.162
296.778 596.822
265.746 391.863
420.908 313.921
