25 140
287.156 280.302
280.742 268.329
292.288 260.632
283.308 243.528
278.604 214.452
264.494 214.452
262.783 194.782
246.962 193.499
230.713 197.348
213.61 198.203
193.512 197.775
183.678 220.438
196.933 231.555
183.25 246.094
169.567 258.067
174.698 276.026
170.85 285.433
146.049 291.419
127.235 298.688
96.8753 319.641
92.1717 335.889
98.5857 346.579
116.972 320.923
113.124 311.089
101.579 366.249
90.8889 388.056
100.724 408.154
108.848 419.699
134.932 431.244
152.463 426.54
156.739 415.423
162.725 398.746
175.553 403.878
183.678 399.602
193.085 383.78
197.361 377.366
208.478 370.097
217.886 374.373
222.589 356.414
234.562 351.283
252.093 352.993
263.639 369.67
268.77 383.353
268.77 397.036
276.466 417.133
284.163 425.685
294.853 429.961
308.964 430.816
316.661 431.671
316.661 444.927
317.944 451.769
332.482 458.182
347.02 467.59
374.386 481.273
371.821 493.673
368.828 500.515
292.288 418.843
278.177 402.595
346.165 455.617
366.262 466.734
370.11 512.06
365.834 518.474
351.724 534.295
332.054 543.702
326.495 542.847
310.674 541.564
277.749 540.709
255.087 555.247
231.996 563.372
216.175 559.096
205.058 558.668
182.395 558.24
154.173 569.786
107.993 572.351
107.138 572.351
299.984 541.992
279.032 550.971
254.659 546.695
235.845 557.385
162.725 563.799
137.925 569.786
118.255 573.206
116.972 587.317
104.144 606.559
102.434 592.021
124.669 625.801
144.339 628.794
164.008 643.332
159.732 631.787
191.374 650.174
188.381 639.912
219.596 650.174
230.713 664.285
250.811 666.423
214.037 659.154
242.686 653.167
266.632 672.409
279.032 689.513
284.591 703.196
298.702 698.493
257.225 654.878
286.301 681.816
299.557 713.459
316.661 713.459
329.061 703.624
312.812 700.631
343.172 688.658
333.765 678.396
362.841 659.581
379.518 648.891
382.511 635.208
373.104 651.457
350.013 679.251
350.869 663.857
372.676 638.201
393.628 621.525
405.174 622.808
436.388 612.118
456.913 618.959
474.872 625.373
475.3 642.05
465.037 633.925
418.429 615.111
458.623 655.733
474.444 663.43
460.761 687.375
466.32 701.058
462.044 713.459
179.402 391.477
128.945 419.699
102.434 388.484
89.1785 362.401
159.732 296.123
130.228 306.813
199.499 208.893
221.734 188.368
272.618 232.838
239.265 363.683
253.804 373.946
119.966 614.256
