30 400
139 32
52 24
67 26
151 277
120 257
150 11
129 80
107 49
122 258
83 185
127 117
138 93
105 170
43 170
129 210
162 140
117 56
150 236
146 263
109 264
133 244
114 146
123 23
98 164
124 57
116 59
161 24
103 161
129 36
107 29
60 176
178 142
128 34
139 86
142 210
220 165
156 133
150 106
151 126
143 13
90 29
148 22
112 265
99 35
216 167
129 119
128 43
124 78
133 112
64 187
109 154
125 39
96 36
162 136
109 29
173 139
101 19
151 234
160 22
90 177
149 12
143 21
143 106
126 73
164 151
109 15
144 101
69 7
155 139
154 269
127 37
69 185
101 37
111 30
127 206
126 121
139 77
113 59
117 198
126 256
118 195
122 183
146 119
148 16
140 28
124 260
112 24
187 279
126 29
178 276
157 25
126 206
79 10
127 44
73 22
159 135
133 38
119 24
161 136
160 227
147 113
123 254
158 147
129 119
112 56
132 110
121 137
110 21
108 169
42 22
137 129
140 12
134 59
82 16
132 39
125 260
107 43
151 264
100 165
100 7
58 24
118 190
137 34
130 243
117 26
140 109
167 158
109 40
142 207
108 17
64 191
114 159
123 39
133 57
134 35
99 168
128 79
159 21
171 163
121 79
218 167
122 195
137 102
14 196
114 146
152 24
126 125
115 25
99 167
104 43
64 28
190 145
126 68
97 164
118 57
87 181
134 32
124 49
140 85
99 3
127 95
135 21
149 27
135 70
131 201
148 124
179 276
94 23
128 137
127 102
128 103
89 286
127 105
116 142
129 223
94 33
108 11
106 168
135 122
150 224
179 166
137 72
81 24
97 16
127 108
57 194
115 151
123 145
114 146
125 203
150 110
53 22
121 48
75 181
36 170
128 30
143 17
116 50
80 30
53 171
134 17
133 56
111 173
137 67
75 25
130 229
169 157
140 32
115 141
142 77
122 60
128 121
133 115
194 147
133 32
132 79
123 140
158 26
125 77
92 13
123 143
203 167
134 125
128 128
70 24
125 60
122 136
120 259
131 220
77 20
36 202
84 13
128 199
134 48
124 135
152 126
118 138
69 21
145 30
148 10
99 21
172 276
80 30
28 198
130 33
153 268
136 247
130 222
107 48
192 144
71 180
102 8
191 143
145 264
170 139
102 156
129 84
160 26
95 8
137 92
98 14
114 36
116 173
49 172
78 29
109 50
107 36
133 99
166 158
53 23
189 169
78 182
159 20
119 57
181 140
107 27
155 143
43 20
143 108
125 111
81 21
126 231
132 68
149 227
124 192
124 196
126 219
124 115
148 123
207 170
141 22
106 36
120 20
130 18
163 20
153 281
203 169
106 164
156 29
101 21
129 68
142 24
124 42
56 172
132 52
67 6
167 160
172 160
157 130
115 186
131 246
99 170
123 47
108 21
118 31
95 6
125 32
148 21
107 16
134 69
109 141
176 142
125 219
70 188
149 219
95 29
120 59
174 140
169 158
100 32
53 22
125 251
136 19
151 226
118 187
105 8
95 2
199 270
119 61
125 202
148 225
160 150
147 21
98 29
126 38
168 271
65 176
139 116
164 140
138 100
120 127
155 127
147 113
142 87
145 18
89 13
117 181
125 210
124 123
68 7
147 117
109 48
52 194
103 23
151 108
139 119
157 268
94 28
35 203
110 17
129 118
127 204
26 198
97 21
140 124
114 18
127 195
154 8
149 124
11 195
110 52
156 282
135 132
138 82
98 23
127 97
139 256
124 195
167 160
45 171
2 191
145 84
83 30
94 176
89 287
43 19
134 17
218 167
160 224
73 20
