50 500
542 609
398 283
196 908
451 212
409 265
785 538
425 422
477 657
429 300
666 814
777 791
414 221
405 608
405 312
420 443
238 616
362 692
112 571
429 146
199 662
261 628
380 646
366 902
657 783
104 575
506 764
253 638
730 559
430 340
575 900
433 252
473 730
196 596
427 488
693 508
417 214
336 648
582 622
199 660
421 281
405 198
375 736
478 698
429 324
632 746
556 892
486 583
673 507
228 635
597 685
575 615
501 858
561 905
413 390
435 552
245 881
572 908
297 730
673 786
409 238
380 686
536 628
425 381
513 811
434 341
342 648
267 628
731 782
697 703
442 775
401 355
590 671
722 826
427 235
270 762
341 725
395 588
713 787
460 854
104 567
622 733
422 411
427 299
399 381
420 239
411 259
552 607
625 738
737 572
304 729
768 556
535 878
756 834
387 760
455 641
466 659
440 149
374 697
455 621
437 614
459 553
787 843
352 703
471 162
416 507
259 645
675 701
236 816
244 880
485 885
211 890
188 923
472 682
391 437
497 834
497 621
365 662
558 622
595 890
603 592
531 625
416 184
314 738
430 441
462 564
542 877
393 614
369 681
606 698
431 458
180 556
654 794
406 525
494 726
455 592
442 609
448 571
442 813
63 604
496 752
665 561
432 219
421 243
604 700
453 151
442 838
171 726
408 539
444 236
425 488
400 635
772 602
240 641
622 582
464 179
441 517
457 567
334 856
452 629
323 626
177 547
393 603
419 161
367 674
185 920
609 713
203 660
407 416
466 940
539 611
599 607
533 607
790 515
400 340
750 590
431 556
355 862
140 494
317 717
293 624
378 656
309 729
397 585
439 608
402 358
449 205
441 576
242 902
802 603
404 156
374 655
371 719
408 479
765 584
158 702
489 669
412 155
432 161
475 728
187 734
367 737
335 727
372 706
381 658
755 832
156 501
552 637
522 609
419 426
486 591
699 507
683 823
409 196
372 672
400 362
571 608
252 633
350 627
493 695
299 755
421 571
413 297
429 241
501 768
608 613
479 727
486 661
178 693
574 881
628 563
404 159
453 611
468 633
432 599
172 570
702 776
601 674
726 562
431 573
450 182
584 605
488 683
191 918
431 408
329 724
833 605
178 705
663 779
415 451
458 554
476 710
628 592
439 135
398 615
655 805
437 241
255 781
375 620
189 742
214 595
468 732
507 606
152 508
391 383
395 306
386 241
412 474
142 567
721 733
445 781
494 872
475 681
697 554
407 392
647 778
469 167
618 586
132 765
370 725
372 743
681 509
613 583
184 786
399 609
414 204
385 626
172 717
700 553
603 679
424 226
243 609
318 724
792 605
226 600
378 655
639 544
424 359
471 733
419 192
479 686
711 699
497 623
787 524
246 650
305 730
189 681
467 586
456 749
718 787
412 137
274 626
779 602
487 677
406 450
432 372
446 162
439 456
488 848
601 596
409 475
733 744
556 627
392 231
477 919
485 697
401 216
539 624
457 640
393 396
485 605
734 750
411 358
433 622
404 211
274 645
485 579
395 459
430 154
180 690
624 718
731 577
731 746
400 411
447 553
509 765
340 644
196 578
562 644
271 637
459 647
443 769
418 543
434 186
490 670
580 905
94 582
463 153
668 776
483 608
473 926
379 665
187 784
359 681
573 880
258 636
670 704
787 602
782 602
356 691
317 829
494 856
513 815
350 856
192 568
618 573
543 874
438 601
432 291
602 684
637 590
382 314
238 633
468 646
712 552
723 581
511 619
439 512
403 378
456 658
667 565
412 291
412 326
545 873
430 337
431 482
485 657
301 624
637 910
480 896
433 463
492 850
284 631
654 805
632 585
392 382
424 331
215 645
365 639
340 713
130 567
417 480
400 412
434 294
791 602
279 645
495 834
481 680
444 513
619 571
422 393
422 511
403 295
652 563
616 598
509 609
254 926
109 569
632 915
448 499
461 137
457 637
343 713
511 838
252 939
172 677
377 617
427 344
71 602
365 900
564 875
337 627
444 579
289 769
524 606
472 653
702 720
437 420
726 572
623 600
433 342
628 745
512 762
475 155
188 661
254 622
434 154
381 603
403 457
360 639
241 620
432 169
461 644
417 452
628 916
612 682
421 521
498 848
651 779
433 330
431 434
449 494
416 410
583 665
257 797
627 724
443 246
231 874
286 748
155 718
421 577
392 592
221 642
658 693
415 387
502 715
153 721
323 642
782 598
226 656
298 747
388 281
401 428
202 665
419 196
370 624
477 876
493 600
421 179
477 892
684 823
