10 111
111.497 359.175
124.334 366.086
128.612 360.491
138.487 373.986
168.109 383.202
155.273 361.808
147.373 371.024
145.399 358.845
173.046 359.833
174.034 376.619
204.973 376.29
193.782 362.795
204.314 356.212
232.62 348.313
234.595 366.086
220.113 367.074
218.797 398.342
209.252 401.304
176.009 395.709
189.832 394.063
190.82 407.558
222.088 424.673
236.241 434.877
270.801 445.738
252.698 411.508
237.228 412.824
264.218 421.711
255.66 433.889
287.587 469.436
298.119 482.602
325.438 498.4
337.616 482.602
299.436 468.449
291.207 452.65
285.283 425.332
282.32 403.937
259.281 394.722
232.291 387.481
253.356 375.632
246.444 363.783
251.052 355.554
275.079 350.288
304.373 351.604
286.27 371.682
289.891 381.885
312.272 384.189
298.119 416.116
311.943 446.726
315.563 469.107
330.704 473.715
350.452 467.132
366.58 465.157
331.362 440.143
314.247 414.799
339.92 403.279
355.389 433.889
344.199 456.929
370.859 451.004
382.708 436.193
368.226 418.09
343.869 408.545
340.578 385.177
326.425 372.011
348.148 362.795
349.136 350.288
326.096 348.313
385.012 344.692
411.672 339.755
430.433 338.768
431.42 367.732
410.026 375.632
376.783 372.011
422.204 355.225
427.142 354.237
464.334 334.818
491.324 330.869
514.363 330.539
493.298 342.388
475.854 350.288
455.777 344.692
466.967 370.694
487.703 353.908
474.867 335.477
439.978 375.961
450.51 390.114
448.206 357.2
418.584 404.596
410.026 423.357
391.924 435.206
385.999 402.292
376.454 388.797
399.165 378.265
393.898 364.77
425.825 393.405
348.806 397.684
362.63 370.694
367.897 409.862
333.337 500.046
335.97 423.028
306.348 432.243
327.412 399.659
300.094 395.051
308.981 370.694
405.748 404.596
392.582 420.394
261.914 458.245
207.277 421.382
154.285 389.785
432.737 407.229
364.934 345.022
266.193 368.39
