100
61 0
46 1
26 2
8 3
96 4
30 5
59 6
53 7
58 8
15 9
84 10
60 11
99 12
77 13
83 14
80 15
71 16
16 17
12 18
45 19
24 20
17 21
0 22
2 23
10 24
25 25
97 26
14 27
70 28
27 29
50 30
22 31
40 32
13 33
51 34
54 35
18 36
78 37
41 38
73 39
94 40
68 41
1 42
33 43
95 44
76 45
90 46
57 47
4 48
64 49
66 50
87 51
89 52
38 53
5 54
69 55
86 56
31 57
67 58
9 59
3 60
21 61
19 62
85 63
82 64
36 65
11 66
32 67
81 68
37 69
65 70
47 71
42 72
20 73
55 74
98 75
29 76
79 77
44 78
91 79
6 80
56 81
49 82
75 83
23 84
43 85
93 86
88 87
72 88
7 89
62 90
28 91
34 92
39 93
63 94
35 95
48 96
74 97
52 98
92 99
