1000
713 0
664 1
530 2
798 3
212 4
604 5
710 6
65 7
695 8
228 9
707 10
828 11
327 12
427 13
385 14
345 15
786 16
587 17
74 18
451 19
848 20
156 21
634 22
469 23
576 24
359 25
701 26
986 27
440 28
801 29
892 30
524 31
468 32
67 33
592 34
313 35
553 36
146 37
758 38
689 39
925 40
458 41
441 42
821 43
464 44
124 45
582 46
490 47
593 48
832 49
503 50
688 51
201 52
375 53
229 54
99 55
842 56
176 57
927 58
304 59
948 60
747 61
502 62
601 63
534 64
788 65
277 66
608 67
787 68
268 69
132 70
752 71
949 72
461 73
620 74
838 75
236 76
188 77
402 78
434 79
276 80
357 81
814 82
680 83
573 84
85 85
325 86
868 87
635 88
869 89
131 90
844 91
364 92
252 93
19 94
379 95
45 96
682 97
308 98
76 99
108 100
307 101
859 102
953 103
15 104
274 105
525 106
13 107
431 108
827 109
900 110
622 111
804 112
642 113
717 114
332 115
298 116
448 117
591 118
31 119
960 120
779 121
244 122
382 123
121 124
619 125
323 126
319 127
603 128
931 129
301 130
264 131
765 132
143 133
422 134
775 135
426 136
637 137
866 138
508 139
153 140
732 141
651 142
939 143
406 144
887 145
552 146
210 147
767 148
129 149
849 150
507 151
898 152
369 153
114 154
393 155
663 156
722 157
128 158
66 159
997 160
833 161
666 162
127 163
532 164
293 165
90 166
136 167
424 168
998 169
549 170
161 171
340 172
154 173
214 174
16 175
36 176
489 177
800 178
119 179
836 180
762 181
391 182
235 183
1 184
250 185
647 186
438 187
219 188
334 189
702 190
676 191
697 192
137 193
266 194
374 195
881 196
612 197
370 198
638 199
862 200
309 201
840 202
288 203
983 204
778 205
63 206
84 207
106 208
366 209
496 210
89 211
745 212
641 213
661 214
380 215
561 216
520 217
581 218
450 219
316 220
894 221
174 222
737 223
820 224
623 225
703 226
614 227
292 228
5 229
167 230
863 231
282 232
649 233
373 234
61 235
896 236
854 237
706 238
794 239
684 240
605 241
830 242
477 243
819 244
709 245
130 246
346 247
621 248
498 249
557 250
540 251
674 252
447 253
962 254
597 255
147 256
175 257
903 258
660 259
410 260
48 261
365 262
897 263
521 264
667 265
957 266
347 267
7 268
57 269
700 270
213 271
618 272
403 273
761 274
831 275
181 276
455 277
886 278
857 279
944 280
44 281
853 282
51 283
955 284
101 285
834 286
990 287
510 288
956 289
932 290
96 291
544 292
247 293
774 294
315 295
606 296
873 297
655 298
39 299
306 300
768 301
353 302
285 303
739 304
659 305
646 306
914 307
414 308
574 309
517 310
947 311
492 312
164 313
809 314
139 315
999 316
805 317
615 318
954 319
152 320
792 321
193 322
97 323
847 324
974 325
816 326
259 327
784 328
864 329
917 330
625 331
715 332
305 333
432 334
693 335
559 336
118 337
550 338
736 339
665 340
134 341
151 342
158 343
995 344
533 345
626 346
320 347
204 348
624 349
916 350
505 351
350 352
217 353
21 354
75 355
913 356
523 357
436 358
919 359
781 360
815 361
543 362
257 363
856 364
218 365
321 366
449 367
113 368
418 369
764 370
933 371
195 372
994 373
177 374
692 375
467 376
562 377
20 378
541 379
241 380
35 381
807 382
270 383
260 384
617 385
501 386
959 387
116 388
991 389
484 390
977 391
430 392
148 393
607 394
245 395
705 396
746 397
452 398
6 399
109 400
162 401
512 402
339 403
284 404
733 405
926 406
80 407
797 408
741 409
360 410
171 411
672 412
120 413
415 414
337 415
711 416
10 417
55 418
165 419
878 420
169 421
104 422
963 423
753 424
662 425
818 426
780 427
861 428
208 429
435 430
149 431
918 432
189 433
589 434
782 435
299 436
248 437
972 438
433 439
630 440
759 441
723 442
100 443
73 444
845 445
494 446
636 447
184 448
49 449
258 450
479 451
351 452
584 453
586 454
757 455
60 456
173 457
934 458
825 459
387 460
81 461
302 462
941 463
657 464
303 465
396 466
454 467
966 468
223 469
988 470
354 471
515 472
144 473
271 474
300 475
565 476
783 477
371 478
488 479
69 480
240 481
858 482
529 483
843 484
683 485
600 486
822 487
742 488
328 489
981 490
839 491
79 492
123 493
551 494
416 495
729 496
291 497
522 498
491 499
704 500
179 501
920 502
198 503
221 504
602 505
799 506
930 507
155 508
513 509
846 510
973 511
872 512
558 513
595 514
698 515
487 516
297 517
324 518
964 519
239 520
958 521
749 522
62 523
336 524
826 525
312 526
598 527
222 528
564 529
776 530
648 531
294 532
777 533
895 534
377 535
30 536
456 537
875 538
251 539
59 540
17 541
92 542
474 543
166 544
275 545
673 546
125 547
145 548
817 549
230 550
110 551
138 552
38 553
25 554
186 555
202 556
243 557
94 558
87 559
810 560
970 561
675 562
686 563
860 564
363 565
231 566
880 567
735 568
824 569
242 570
755 571
942 572
142 573
140 574
463 575
26 576
141 577
546 578
671 579
685 580
58 581
409 582
536 583
518 584
18 585
616 586
885 587
730 588
255 589
381 590
910 591
908 592
937 593
77 594
460 595
555 596
889 597
906 598
12 599
500 600
568 601
982 602
902 603
103 604
254 605
378 606
42 607
444 608
631 609
961 610
882 611
412 612
766 613
850 614
47 615
224 616
527 617
909 618
924 619
133 620
194 621
870 622
72 623
11 624
278 625
401 626
335 627
446 628
322 629
653 630
388 631
331 632
716 633
580 634
197 635
428 636
654 637
4 638
295 639
893 640
32 641
516 642
668 643
719 644
330 645
912 646
921 647
157 648
50 649
547 650
356 651
126 652
256 653
577 654
883 655
237 656
877 657
504 658
207 659
386 660
150 661
68 662
888 663
27 664
976 665
220 666
390 667
938 668
471 669
14 670
355 671
727 672
760 673
740 674
263 675
209 676
940 677
790 678
413 679
572 680
287 681
318 682
425 683
951 684
514 685
296 686
714 687
203 688
78 689
82 690
70 691
537 692
911 693
46 694
590 695
996 696
556 697
643 698
571 699
398 700
91 701
34 702
632 703
159 704
726 705
835 706
743 707
899 708
349 709
696 710
993 711
837 712
548 713
40 714
915 715
678 716
361 717
421 718
187 719
935 720
791 721
943 722
965 723
199 724
182 725
852 726
511 727
645 728
744 729
419 730
249 731
628 732
43 733
975 734
3 735
566 736
411 737
372 738
122 739
423 740
238 741
718 742
253 743
984 744
971 745
200 746
851 747
286 748
135 749
952 750
246 751
466 752
575 753
8 754
115 755
907 756
486 757
724 758
483 759
9 760
560 761
829 762
652 763
389 764
968 765
669 766
417 767
311 768
613 769
172 770
542 771
52 772
437 773
485 774
738 775
290 776
751 777
333 778
2 779
728 780
813 781
117 782
399 783
227 784
314 785
368 786
772 787
795 788
384 789
343 790
639 791
226 792
216 793
267 794
644 795
754 796
465 797
599 798
588 799
583 800
687 801
945 802
923 803
232 804
570 805
482 806
748 807
876 808
946 809
98 810
884 811
725 812
88 813
539 814
180 815
989 816
978 817
310 818
640 819
734 820
690 821
470 822
478 823
499 824
803 825
699 826
967 827
404 828
950 829
579 830
769 831
865 832
358 833
191 834
459 835
95 836
812 837
891 838
721 839
796 840
528 841
348 842
420 843
33 844
773 845
731 846
473 847
233 848
627 849
936 850
985 851
24 852
206 853
93 854
196 855
475 856
545 857
874 858
928 859
338 860
770 861
629 862
771 863
633 864
457 865
408 866
481 867
261 868
367 869
929 870
987 871
569 872
793 873
445 874
901 875
841 876
756 877
691 878
610 879
279 880
594 881
443 882
283 883
785 884
341 885
879 886
802 887
578 888
397 889
28 890
289 891
656 892
472 893
495 894
890 895
54 896
344 897
509 898
992 899
41 900
720 901
712 902
750 903
185 904
168 905
190 906
265 907
280 908
694 909
506 910
563 911
400 912
64 913
23 914
554 915
352 916
650 917
170 918
442 919
362 920
905 921
107 922
439 923
272 924
105 925
679 926
22 927
429 928
86 929
609 930
326 931
670 932
53 933
395 934
763 935
677 936
215 937
111 938
342 939
269 940
112 941
979 942
480 943
262 944
497 945
808 946
317 947
394 948
476 949
708 950
596 951
611 952
178 953
567 954
192 955
83 956
823 957
493 958
811 959
71 960
922 961
376 962
29 963
383 964
904 965
405 966
281 967
538 968
37 969
407 970
681 971
392 972
205 973
453 974
789 975
585 976
526 977
273 978
519 979
969 980
658 981
462 982
102 983
980 984
160 985
806 986
531 987
535 988
0 989
225 990
183 991
211 992
163 993
234 994
329 995
871 996
855 997
56 998
867 999
