500
33 0
220 1
452 2
496 3
92 4
156 5
201 6
265 7
151 8
397 9
246 10
89 11
30 12
320 13
313 14
82 15
259 16
465 17
399 18
252 19
365 20
459 21
149 22
309 23
25 24
186 25
381 26
214 27
331 28
240 29
122 30
34 31
197 32
411 33
364 34
231 35
129 36
312 37
171 38
71 39
380 40
72 41
303 42
249 43
266 44
290 45
15 46
282 47
42 48
329 49
244 50
250 51
209 52
433 53
446 54
383 55
268 56
107 57
248 58
44 59
160 60
254 61
356 62
311 63
373 64
328 65
271 66
78 67
485 68
347 69
332 70
495 71
12 72
57 73
180 74
36 75
189 76
274 77
335 78
225 79
90 80
6 81
123 82
136 83
343 84
432 85
62 86
64 87
434 88
403 89
297 90
333 91
475 92
318 93
20 94
121 95
262 96
45 97
499 98
323 99
436 100
371 101
210 102
357 103
486 104
204 105
16 106
386 107
439 108
77 109
48 110
279 111
133 112
482 113
126 114
93 115
429 116
162 117
338 118
4 119
221 120
410 121
109 122
161 123
173 124
59 125
476 126
239 127
269 128
395 129
339 130
200 131
384 132
393 133
308 134
190 135
101 136
130 137
257 138
233 139
41 140
441 141
157 142
213 143
261 144
8 145
275 146
187 147
238 148
291 149
260 150
117 151
350 152
468 153
438 154
183 155
61 156
38 157
91 158
193 159
377 160
330 161
472 162
344 163
215 164
492 165
119 166
39 167
11 168
387 169
206 170
306 171
298 172
2 173
354 174
27 175
299 176
324 177
267 178
196 179
143 180
458 181
412 182
163 183
385 184
305 185
317 186
263 187
484 188
35 189
353 190
479 191
191 192
207 193
319 194
176 195
18 196
147 197
490 198
14 199
167 200
272 201
192 202
125 203
55 204
460 205
26 206
369 207
304 208
96 209
493 210
445 211
394 212
366 213
389 214
326 215
245 216
138 217
450 218
405 219
211 220
75 221
463 222
67 223
301 224
144 225
494 226
219 227
112 228
128 229
284 230
379 231
81 232
137 233
392 234
54 235
124 236
23 237
13 238
227 239
466 240
420 241
66 242
105 243
327 244
289 245
76 246
447 247
398 248
388 249
229 250
288 251
0 252
457 253
368 254
56 255
158 256
488 257
396 258
283 259
255 260
307 261
235 262
51 263
164 264
449 265
415 266
376 267
100 268
212 269
228 270
407 271
443 272
358 273
29 274
113 275
230 276
166 277
217 278
47 279
153 280
178 281
9 282
53 283
293 284
419 285
294 286
43 287
73 288
448 289
442 290
108 291
99 292
5 293
241 294
135 295
278 296
310 297
340 298
351 299
402 300
478 301
60 302
359 303
370 304
435 305
37 306
258 307
104 308
464 309
223 310
185 311
172 312
400 313
341 314
114 315
273 316
473 317
63 318
28 319
168 320
378 321
198 322
141 323
469 324
94 325
498 326
362 327
367 328
404 329
497 330
286 331
31 332
454 333
414 334
68 335
115 336
491 337
224 338
110 339
444 340
182 341
270 342
65 343
226 344
342 345
242 346
88 347
455 348
467 349
413 350
483 351
372 352
425 353
98 354
232 355
203 356
481 357
150 358
106 359
111 360
21 361
170 362
69 363
247 364
423 365
352 366
302 367
295 368
222 369
430 370
86 371
355 372
470 373
49 374
480 375
58 376
142 377
421 378
181 379
46 380
148 381
179 382
102 383
287 384
243 385
409 386
159 387
80 388
195 389
336 390
205 391
474 392
70 393
285 394
177 395
52 396
154 397
428 398
10 399
1 400
487 401
152 402
314 403
346 404
325 405
406 406
234 407
300 408
74 409
134 410
216 411
401 412
292 413
97 414
417 415
345 416
87 417
131 418
349 419
427 420
280 421
264 422
337 423
322 424
184 425
281 426
218 427
334 428
391 429
127 430
390 431
437 432
408 433
456 434
120 435
3 436
462 437
17 438
19 439
165 440
348 441
85 442
276 443
361 444
175 445
7 446
116 447
422 448
40 449
321 450
374 451
24 452
155 453
188 454
103 455
256 456
461 457
477 458
208 459
50 460
296 461
418 462
253 463
382 464
471 465
194 466
431 467
84 468
145 469
440 470
79 471
146 472
363 473
426 474
236 475
199 476
251 477
169 478
315 479
451 480
132 481
375 482
424 483
174 484
140 485
95 486
22 487
316 488
32 489
83 490
489 491
416 492
453 493
139 494
202 495
360 496
237 497
118 498
277 499
