1000
0 622
1 256
2 615
3 903
4 869
5 274
6 770
7 260
8 744
9 605
10 300
11 382
12 856
13 13
14 451
15 185
16 280
17 734
18 777
19 669
20 159
21 533
22 943
23 633
24 37
25 434
26 527
27 804
28 781
29 685
30 92
31 340
32 746
33 436
34 61
35 198
36 108
37 312
38 996
39 439
40 96
41 292
42 525
43 913
44 871
45 748
46 766
47 905
48 153
49 932
50 121
51 313
52 616
53 307
54 725
55 353
56 709
57 974
58 486
59 384
60 625
61 102
62 128
63 927
64 56
65 311
66 420
67 119
68 623
69 386
70 959
71 887
72 700
73 707
74 867
75 66
76 466
77 33
78 16
79 342
80 831
81 457
82 854
83 686
84 181
85 752
86 769
87 566
88 649
89 555
90 879
91 567
92 283
93 216
94 581
95 534
96 234
97 302
98 82
99 542
100 284
101 174
102 289
103 969
104 613
105 610
106 347
107 465
108 298
109 317
110 232
111 130
112 523
113 518
114 207
115 116
116 271
117 611
118 182
119 55
120 687
121 361
122 348
123 62
124 630
125 481
126 114
127 546
128 987
129 543
130 259
131 282
132 148
133 830
134 544
135 502
136 125
137 667
138 225
139 189
140 468
141 344
142 603
143 948
144 415
145 505
146 729
147 693
148 588
149 872
150 666
151 425
152 297
153 123
154 803
155 75
156 531
157 653
158 553
159 220
160 989
161 821
162 768
163 958
164 39
165 673
166 78
167 877
168 120
169 470
170 335
171 142
172 432
173 275
174 906
175 343
176 12
177 657
178 652
179 482
180 381
181 53
182 179
183 222
184 305
185 910
186 345
187 230
188 914
189 338
190 921
191 654
192 349
193 365
194 286
195 357
196 163
197 479
198 963
199 670
200 747
201 776
202 985
203 676
204 956
205 441
206 526
207 483
208 612
209 171
210 387
211 979
212 246
213 238
214 412
215 631
216 568
217 922
218 690
219 816
220 99
221 499
222 147
223 866
224 647
225 893
226 644
227 758
228 170
229 940
230 391
231 949
232 827
233 718
234 874
235 842
236 629
237 469
238 945
239 536
240 602
241 885
242 368
243 167
244 291
245 324
246 659
247 105
248 363
249 248
250 253
251 86
252 648
253 449
254 44
255 876
256 983
257 595
258 262
259 228
260 48
261 593
262 330
263 157
264 18
265 226
266 370
267 459
268 375
269 318
270 894
271 94
272 646
273 738
274 325
275 779
276 722
277 608
278 421
279 257
280 306
281 970
282 902
283 9
284 398
285 245
286 52
287 494
288 503
289 947
290 573
291 917
292 32
293 273
294 29
295 100
296 331
297 21
298 149
299 49
300 15
301 329
302 691
303 778
304 840
305 193
306 968
307 764
308 301
309 928
310 428
311 802
312 512
313 168
314 131
315 498
316 178
317 699
318 472
319 430
320 293
321 662
322 721
323 875
324 34
325 582
326 267
327 901
328 143
329 813
330 799
331 237
332 946
333 545
334 141
335 982
336 97
337 929
338 458
339 51
340 551
341 115
342 837
343 501
344 695
345 954
346 36
347 166
348 446
349 626
350 791
351 637
352 373
353 14
354 73
355 719
356 58
357 681
358 628
359 651
360 931
361 782
362 920
363 577
364 379
365 156
366 239
367 849
368 485
369 590
370 162
371 822
372 294
373 304
374 852
375 701
376 908
377 394
378 364
379 261
380 254
381 971
382 161
383 771
384 750
385 755
386 677
387 765
388 988
389 45
390 127
391 221
392 641
393 855
394 730
395 702
396 520
397 784
398 865
399 164
400 576
401 528
402 383
403 839
404 836
405 753
406 101
407 793
408 212
409 934
410 26
411 951
412 319
413 847
414 510
415 140
416 23
417 950
418 739
419 918
420 205
421 89
422 407
423 845
424 598
425 944
426 763
427 323
428 829
429 473
430 916
431 975
432 390
433 801
434 742
435 287
436 957
437 976
438 4
439 995
440 110
441 358
442 919
443 984
444 188
445 967
446 137
447 132
448 194
449 129
450 880
451 388
452 817
453 964
454 807
455 749
456 401
457 680
458 716
459 80
460 77
461 899
462 251
463 973
464 265
465 565
466 43
467 59
468 961
469 650
470 177
471 930
472 310
473 186
474 891
475 243
476 247
477 745
478 455
479 828
480 824
481 883
482 242
483 889
484 374
485 395
486 724
487 151
488 942
489 597
490 733
491 579
492 757
493 732
494 195
495 69
496 396
497 556
498 800
499 923
500 998
501 371
502 727
503 557
504 85
505 823
506 456
507 160
508 937
509 372
510 277
511 594
512 660
513 489
514 820
515 795
516 524
517 898
518 314
519 241
520 639
521 249
522 851
523 210
524 5
525 233
526 336
527 270
528 992
529 437
530 464
531 640
532 28
533 316
534 819
535 723
536 897
537 362
538 454
539 202
540 79
541 471
542 408
543 187
544 935
545 993
546 422
547 672
548 328
549 933
550 112
551 773
552 236
553 535
554 980
555 562
556 38
557 413
558 199
559 218
560 507
561 790
562 0
563 844
564 780
565 467
566 991
567 138
568 399
569 675
570 661
571 674
572 743
573 400
574 620
575 888
576 509
577 346
578 607
579 204
580 72
581 886
582 962
583 378
584 549
585 154
586 584
587 492
588 682
589 172
590 643
591 321
592 219
593 235
594 70
595 295
596 488
597 84
598 864
599 356
600 223
601 214
602 22
603 785
604 290
605 334
606 95
607 155
608 519
609 442
610 299
611 414
612 516
613 861
614 184
615 834
616 860
617 592
618 215
619 224
620 126
621 2
622 774
623 500
624 857
625 761
626 966
627 760
628 139
629 496
630 508
631 571
632 713
633 863
634 938
635 475
636 978
637 538
638 925
639 333
640 255
641 805
642 664
643 977
644 794
645 960
646 367
647 410
648 936
649 91
650 124
651 269
652 64
653 231
654 547
655 621
656 1
657 737
658 54
659 896
660 859
661 87
662 47
663 798
664 911
665 530
666 561
667 704
668 655
669 197
670 642
671 895
672 424
673 24
674 60
675 720
676 955
677 767
678 377
679 476
680 268
681 83
682 65
683 106
684 912
685 740
686 320
687 11
688 712
689 924
690 10
691 665
692 878
693 596
694 303
695 152
696 862
697 326
698 558
699 909
700 812
701 994
702 278
703 122
704 3
705 591
706 447
707 548
708 703
709 487
710 706
711 915
712 907
713 559
714 41
715 90
716 144
717 564
718 858
719 728
720 173
721 444
722 191
723 175
724 438
725 31
726 263
727 46
728 445
729 279
730 462
731 563
732 941
733 808
734 417
735 684
736 868
737 419
738 196
739 796
740 688
741 826
742 146
743 98
744 697
745 614
746 751
747 217
748 327
749 583
750 618
751 150
752 754
753 811
754 638
755 452
756 190
757 578
758 213
759 900
760 493
761 25
762 40
763 385
764 838
765 244
766 692
767 656
768 881
769 272
770 705
771 715
772 736
773 341
774 332
775 484
776 423
777 552
778 404
779 409
780 850
781 599
782 741
783 762
784 953
785 7
786 792
787 965
788 281
789 601
790 537
791 689
792 27
793 825
794 717
795 806
796 211
797 208
798 560
799 586
800 403
801 17
802 833
803 843
804 606
805 788
806 986
807 339
808 873
809 411
810 870
811 250
812 478
813 890
814 711
815 477
816 632
817 735
818 285
819 63
820 180
821 981
822 104
823 460
824 354
825 678
826 118
827 926
828 20
829 480
830 252
831 679
832 57
833 276
834 93
835 540
836 513
837 209
838 517
839 206
840 624
841 997
842 200
843 853
844 30
845 521
846 619
847 658
848 775
849 694
850 731
851 71
852 359
853 6
854 570
855 42
856 431
857 772
858 145
859 308
860 814
861 406
862 892
863 229
864 429
865 726
866 787
867 818
868 572
869 815
870 461
871 107
872 369
873 453
874 426
875 8
876 440
877 671
878 67
879 392
880 835
881 587
882 574
883 135
884 111
885 165
886 635
887 522
888 448
889 999
890 158
891 939
892 904
893 337
894 360
895 169
896 810
897 683
898 352
899 315
900 532
901 402
902 506
903 418
904 789
905 258
906 109
907 117
908 309
909 668
910 529
911 645
912 435
913 756
914 846
915 134
916 68
917 74
918 288
919 35
920 81
921 609
922 550
923 832
924 19
925 376
926 809
927 427
928 176
929 575
930 972
931 450
932 952
933 380
934 783
935 848
936 397
937 136
938 636
939 882
940 698
941 490
942 355
943 405
944 103
945 113
946 240
947 504
948 495
949 389
950 539
951 76
952 366
953 183
954 710
955 350
956 433
957 264
958 589
959 541
960 511
961 714
962 600
963 708
964 554
965 696
966 759
967 50
968 569
969 515
970 663
971 351
972 990
973 514
974 203
975 443
976 474
977 266
978 617
979 296
980 786
981 497
982 634
983 416
984 627
985 580
986 491
987 841
988 227
989 133
990 393
991 463
992 322
993 884
994 604
995 88
996 201
997 797
998 585
999 192
