100
4
3 0 32 41
1 16
4
2 43 48
1 41
5
3 0 19 20
1 23
7
3 24 27 48
1 5
4
3 15 31 35
1 43
5
3 10 11 25
1 13
8
3 6 29 37
1 3
7
3 19 25 27
1 0
2
2 22 28
1 49
3
2 14 47
1 42
6
3 27 31 49
1 33
5
2 27 28
1 14
8
3 23 40 49
1 4
2
3 0 5 21
1 25
9
3 14 31 45
1 0
9
3 28 29 44
1 32
4
3 10 31 34
1 25
3
2 31 41
1 1
6
3 11 27 33
1 36
6
3 16 40 45
1 31
4
3 19 20 26
1 32
5
3 6 21 24
1 10
9
3 1 27 30
1 35
4
3 22 29 34
1 5
8
3 15 35 37
1 33
10
3 17 44 47
1 16
10
3 11 18 32
1 3
9
3 11 24 35
1 16
2
2 17 22
1 49
10
3 23 26 29
1 41
5
3 11 13 22
1 26
7
3 15 31 48
1 27
4
3 22 32 41
1 39
4
3 33 40 45
1 49
2
3 1 22 29
1 3
9
3 6 13 21
1 43
2
3 11 23 48
1 43
1
3 25 28 43
1 26
8
2 6 28
1 10
7
3 20 30 36
1 35
10
3 16 23 29
1 32
4
3 17 19 28
1 0
7
3 6 15 31
1 33
2
3 19 28 44
1 11
4
3 7 24 31
1 34
1
3 19 26 43
1 22
7
3 6 15 20
1 40
3
3 11 19 29
1 12
7
3 26 39 44
1 31
4
3 28 35 38
1 3
8
3 22 36 40
1 14
4
3 11 34 40
1 38
5
3 14 22 28
1 49
5
3 2 20 47
1 4
10
3 17 24 30
1 46
5
2 22 31
1 26
7
3 30 39 43
1 46
9
3 8 10 15
1 45
10
3 16 34 42
1 27
1
3 3 28 48
1 46
6
3 5 11 33
1 14
9
2 7 42
1 21
9
3 24 48 49
1 42
8
3 3 17 19
1 49
7
3 22 33 41
1 5
1
3 17 20 26
1 47
4
3 20 24 28
1 32
3
3 20 31 35
1 11
4
3 5 7 35
1 49
5
3 8 20 21
1 10
5
2 29 34
1 12
4
3 11 29 40
1 23
5
2 19 28
1 7
7
2 11 44
1 9
4
3 14 29 40
1 23
9
3 15 38 44
1 5
8
3 2 34 37
1 49
10
3 17 20 43
1 2
7
3 14 18 34
1 17
5
3 6 22 31
1 27
2
3 24 41 48
1 46
9
3 20 26 49
1 13
4
3 20 31 38
1 19
9
3 22 34 43
1 42
9
3 5 42 44
1 21
5
3 21 26 31
1 36
1
3 7 35 48
1 12
6
3 23 36 45
1 13
6
3 11 22 28
1 4
1
3 10 23 42
1 2
7
2 28 45
1 12
4
3 7 23 30
1 8
7
3 3 22 31
1 46
8
3 6 23 40
1 41
7
3 29 31 47
1 20
1
2 24 29
1 12
1
3 31 32 37
1 25
4
3 0 21 22
1 36
5
3 11 22 44
1 0
6
3 22 33 48
1 18
